-59.952696 -62.982928
-60.147276 -62.827308
>
-59.868440 -62.960466
-60.063020 -62.804846
>
-59.784184 -62.938004
-59.978764 -62.782384
>
-59.699928 -62.915542
-59.894509 -62.759922
>
-59.615672 -62.893081
-59.810253 -62.737461
>
-59.531417 -62.870619
-59.725997 -62.714999
>
-59.447161 -62.848157
-59.641741 -62.692537
>
-59.317893 -62.853085
-59.529845 -62.702381
>
-59.236298 -62.828618
-59.448250 -62.677914
>
-59.154704 -62.804151
-59.366656 -62.653446
>
-59.073109 -62.779684
-59.285061 -62.628979
>
-58.991515 -62.755217
-59.203467 -62.604512
>
-58.909920 -62.730749
-59.121873 -62.580045
>
-58.828326 -62.706282
-59.040278 -62.555578
>
-58.746731 -62.681815
-58.958684 -62.531111
>
-58.665137 -62.657348
-58.877089 -62.506643
>
-58.583542 -62.632881
-58.795495 -62.482176
>
-58.501948 -62.608414
-58.713900 -62.457709
