-58.163531	-62.502365

-58.503215	-62.286481

>

-58.171402	-62.505005

-58.511086	-62.289122

>

-58.179273	-62.507646

-58.518957	-62.291763

>

-58.195015	-62.512927

-58.534698	-62.297044

>

-58.202886	-62.51556

-58.542569	-62.299684

>

-58.210757	-62.518208

-58.55044	-62.302325

>

-58.218628	-62.520848

-58.558311	-62.304965

>

-58.226499	-62.523489

-58.566182	-62.307606

>

-58.23437	-62.52613

-58.574053	-62.310246

>

-58.242241	-62.52877

-58.581924	-62.312887

>

-58.250112	-62.531411

-58.612669	-62.30099

>

-58.257983	-62.534051

-58.62054	-62.30363

>

-58.265854	-62.536692

-58.628411	-62.306271

>

-58.273724	-62.539332

-58.636282	-62.308911

>

-58.281595	-62.541973

-58.644153	-62.311552

>

-58.289466	-62.544613

-58.663461	-62.306924

>

-58.297337	-62.547254

-58.671332	-62.309564

>

-58.32095	-62.555176
-58.694945	-62.317486
