-58.522873 -62.555088
-58.698525 -62.447455
>
-58.515103 -62.552384
-58.690755 -62.444751
>
-58.507333 -62.549681
-58.682985 -62.442048
>
-58.499563 -62.546977
-58.675215 -62.439344
>
-58.491793 -62.544274
-58.667445 -62.436641
>
-58.484023 -62.541570
-58.659675 -62.433937
>
-58.476253 -62.538866
-58.651905 -62.431234
>
-58.468483 -62.536163
-58.644135 -62.428530
>
-58.460713 -62.533459
-58.636365 -62.425826
>
-58.452943 -62.530756
-58.628595 -62.423123
>
-58.445173 -62.528052
-58.620826 -62.420419
>
-58.437403 -62.525349
-58.613056 -62.417716
>
-58.429633 -62.522645
-58.605286 -62.415012
>
-58.421864 -62.519941
-58.597516 -62.412309
>
-58.414094 -62.517238
-58.589746 -62.409605
>
-58.406324 -62.514534
-58.581976 -62.406901
>
-58.398554 -62.511831
-58.574206 -62.404198
>
-58.390784 -62.509127
-58.566436 -62.401494
>
-58.383014 -62.506424
-58.558666 -62.398791
>
-58.375244 -62.503720
-58.550896 -62.396087
>
-58.367474 -62.501016
-58.543126 -62.393384
>
-58.359704 -62.498313
-58.535356 -62.390680
>
-58.351934 -62.495609
-58.527586 -62.387976
>
-58.344164 -62.492906
-58.519816 -62.385273
>
-58.336394 -62.490202
-58.512046 -62.382569
>
-58.328624 -62.487499
-58.504276 -62.379866
>
-58.320854 -62.484795
-58.496506 -62.377162
>
-58.313084 -62.482091
-58.488736 -62.374459
>
-58.305314 -62.479388
-58.480967 -62.371755
>
-58.297544 -62.476684
-58.473197 -62.369051
>
-58.289774 -62.473981
-58.465427 -62.366348
>
-58.282005 -62.471277
-58.457657 -62.363644
>
-58.274235 -62.468574
-58.449887 -62.360941
>
-58.266465 -62.465870
-58.442117 -62.358237
>
-58.258695 -62.463166
-58.434347 -62.355534
>
-58.250925 -62.460463
-58.426577 -62.352830
>
-58.243155 -62.457759
-58.418807 -62.350126
>
-58.235385 -62.455056
-58.411037 -62.347423
>
-58.227615 -62.452352
-58.403267 -62.344719
>
-58.219845 -62.449649
-58.395497 -62.342016
>
-58.212075 -62.446945
-58.387727 -62.339312
