-57.78546667 -61.56760556
-57.78236667 -61.56652222
-57.77911944 -61.56543889
-57.776825 -61.56435556
-57.77359167 -61.56327222
-57.77046111 -61.56218889
-57.76733889 -61.56110556
-57.76405278 -61.56002222
-57.76096111 -61.55893889
-57.757825 -61.55785556
-57.75467778 -61.55677222
-57.751575 -61.55568889
-57.74809722 -61.55460556
-57.74461111 -61.55352222
-57.74151389 -61.55243889
-57.73839167 -61.55135556
-57.73525 -61.55027222
-57.73210833 -61.54918889
-57.72901944 -61.54810556
-57.72595 -61.54702222
-57.72279167 -61.54593889
-57.71967222 -61.54485556
-57.71649722 -61.54377222
-57.71336111 -61.54268889
-57.71019722 -61.54160556
-57.70707222 -61.54052222
-57.70396944 -61.53943889
-57.70079722 -61.53835556
-57.69764722 -61.53727222
-57.69454444 -61.53618889
-57.69139444 -61.53510556
-57.68824167 -61.53402222
-57.685125 -61.53293889
-57.68197778 -61.53185556
-57.67882778 -61.53077222
-57.67569444 -61.52968889
-57.67253333 -61.52860556
-57.669375 -61.52752222
-57.66624722 -61.52643889
-57.66310556 -61.52535556
-57.65996389 -61.52427222
-57.656825 -61.52318889
-57.65368611 -61.5221055
