-59.875917 -62.928740
-60.032606 -62.829158
>
-59.863323 -62.924516
-60.020012 -62.824933
>
-59.850730 -62.920291
-60.007419 -62.820708
>
-59.838136 -62.916066
-59.994825 -62.816483
>
-59.825543 -62.911841
-59.982232 -62.812258
>
-59.812949 -62.907616
-59.969638 -62.808034
>
-59.800356 -62.903391
-59.957044 -62.803809
>
-59.787762 -62.899166
-59.944451 -62.799584
>
-59.775168 -62.894942
-59.931857 -62.795359
>
-59.762575 -62.890717
-59.919264 -62.791134
>
-59.749981 -62.886492
-59.906670 -62.786909
>
-59.737388 -62.882267
-59.894077 -62.782684
>
-59.724794 -62.878042
-59.881483 -62.778460
