-59.925800 -63.000846
-60.146420 -62.834608
>
-59.842847 -62.977374
-60.063466 -62.811136
>
-59.759893 -62.953901
-59.980513 -62.787663
>
-59.676939 -62.930429
-59.897559 -62.764191
>
-59.593986 -62.906956
-59.814605 -62.740718
>
-59.511032 -62.883484
-59.731652 -62.717246
>
-59.428079 -62.860011
-59.648698 -62.693773
>
-59.319708 -62.855691
-59.540328 -62.689453
>
-59.236755 -62.832218
-59.457374 -62.665980
>
-59.153801 -62.808745
-59.374421 -62.642507
>
-59.070848 -62.785273
-59.291467 -62.619035
>
-58.987894 -62.761800
-59.208514 -62.595562
>
-58.904940 -62.738328
-59.125560 -62.572090
>
-58.821987 -62.714855
-59.042606 -62.548617
>
-58.739033 -62.691383
-58.959653 -62.525145
>
-58.656080 -62.667910
-58.876699 -62.501672
>
-58.573126 -62.644438
-58.793746 -62.478200
>
-58.490173 -62.620965
-58.710792 -62.454727
