-59.8358638	-62.7619332
-59.6847622	-62.8824911

>

-59.8535477	-62.7664621
-59.7025029	-62.8870357

>

-59.8712361	-62.7709887
-59.7202482	-62.8915781

>

-59.8889292	-62.775513
-59.7379981	-62.8961182

>

-59.9066268	-62.7800351
-59.7557528	-62.900656

>

-59.71649645	-62.95170634
-59.97473312	-62.74409941

>

-59.9420358	-62.7890725
-59.7912759	-62.9097249

>

-59.9597471	-62.793588
-59.8090444	-62.9142559

>

-59.9774631	-62.7981013
-59.8268176	-62.9187847

>

-59.9951837	-62.8026124
-59.8445954	-62.9233112

>

-60.0129088	-62.8071211
-59.8623779	-62.9278354
