Lon		lat
-60.002991 	-62.853606

-59.813689 	-62.780260

>

-59.980478 	-62.865995

-59.791175 	-62.792649

>

-59.957965 	-62.878384

-59.768662 	-62.805038

>

-59.935451 	-62.890773

-59.746149 	-62.817427

>

-59.912938 	-62.903162

-59.723635 	-62.829816

>

-59.890425 	-62.915551

-59.701122 	-62.842205

>

-59.867911 	-62.927940

-59.678609 	-62.854594

>
-59.964236 	-62.838591

-59.829157 	-62.912924

>

-59.908340 	-62.816933

-59.773260 	-62.891267

>

-59.852443 	-62.795276

-59.717364 	-62.869609
