
Interpolated points
-60.07184	-62.90529	-1002.8	0.00	0
-60.07025	-62.90486	-993.5	0.09	0.09366
-60.06866	-62.90443	-992.7	0.19	0.09366
-60.06706	-62.90400	-991.1	0.28	0.09366
-60.06547	-62.90358	-991.1	0.37	0.09366
-60.06388	-62.90315	-987.4	0.47	0.09366
-60.06228	-62.90272	-977.2	0.56	0.09366
-60.06069	-62.90230	-967.6	0.66	0.09366
-60.05910	-62.90187	-969.9	0.75	0.09366
-60.05750	-62.90144	-983.0	0.84	0.09366
-60.05591	-62.90101	-993.5	0.94	0.09366
-60.05432	-62.90059	-998.9	1.03	0.09366
-60.05272	-62.90016	-993.0	1.12	0.09366
-60.05113	-62.89973	-981.0	1.22	0.09366
-60.04954	-62.89930	-977.1	1.31	0.09366
-60.04794	-62.89888	-988.7	1.40	0.09366
-60.04635	-62.89845	-1004.0	1.50	0.09366
-60.04476	-62.89802	-1007.9	1.59	0.09366
-60.04316	-62.89759	-987.5	1.69	0.09366
-60.04157	-62.89717	-959.2	1.78	0.09366
-60.03998	-62.89674	-955.4	1.87	0.09366
-60.03839	-62.89631	-958.7	1.97	0.09366
-60.03679	-62.89588	-948.8	2.06	0.09366
-60.03520	-62.89546	-946.3	2.15	0.09366
-60.03361	-62.89503	-956.7	2.25	0.09366
-60.03201	-62.89460	-967.5	2.34	0.09366
-60.03042	-62.89417	-957.1	2.44	0.09366
-60.02883	-62.89375	-926.4	2.53	0.09366
-60.02724	-62.89332	-888.5	2.62	0.09366
-60.02564	-62.89289	-859.0	2.72	0.09366
-60.02405	-62.89246	-845.2	2.81	0.09366
-60.02246	-62.89204	-856.8	2.90	0.09366
-60.02087	-62.89161	-884.9	3.00	0.09366
-60.01927	-62.89118	-912.3	3.09	0.09366
-60.01768	-62.89075	-939.0	3.18	0.09366
-60.01609	-62.89032	-953.3	3.28	0.09366
-60.01450	-62.88990	-944.5	3.37	0.09366
-60.01291	-62.88947	-920.3	3.47	0.09366
-60.01131	-62.88904	-893.8	3.56	0.09366
-60.00972	-62.88861	-879.7	3.65	0.09366
-60.00813	-62.88819	-875.4	3.75	0.09366
-60.00654	-62.88776	-873.9	3.84	0.09366
-60.00495	-62.88733	-877.2	3.93	0.09366
-60.00335	-62.88690	-977.4	4.03	0.09366
-60.00176	-62.88647	-972.5	4.12	0.09366
-60.00017	-62.88605	-968.0	4.21	0.09366
-59.99858	-62.88562	-962.7	4.31	0.09366
-59.99699	-62.88519	-956.7	4.40	0.09366
-59.99540	-62.88476	-950.0	4.50	0.09366
-59.99380	-62.88433	-942.5	4.59	0.09366
-59.99221	-62.88391	-933.7	4.68	0.09366
-59.99062	-62.88348	-923.2	4.78	0.09366
-59.98903	-62.88305	-911.0	4.87	0.09366
-59.98744	-62.88262	-897.3	4.96	0.09366
-59.98585	-62.88219	-882.1	5.06	0.09366
-59.98426	-62.88176	-865.3	5.15	0.09366
-59.98267	-62.88134	-845.9	5.24	0.09366
-59.98107	-62.88091	-824.6	5.34	0.09366
-59.97948	-62.88048	-802.6	5.43	0.09366
-59.97789	-62.88005	-781.4	5.53	0.09366
-59.97630	-62.87962	-762.7	5.62	0.09366
-59.97471	-62.87920	-747.0	5.71	0.09366
-59.97312	-62.87877	-733.7	5.81	0.09366
-59.97153	-62.87834	-722.6	5.90	0.09366
-59.96994	-62.87791	-713.7	5.99	0.09366
-59.96835	-62.87748	-706.6	6.09	0.09366
-59.96676	-62.87705	-701.3	6.18	0.09366
-59.96517	-62.87663	-698.6	6.27	0.09366
-59.96357	-62.87620	-698.0	6.37	0.09366
-59.96198	-62.87577	-698.9	6.46	0.09366
-59.96039	-62.87534	-700.8	6.56	0.09366
-59.95880	-62.87491	-703.0	6.65	0.09366
-59.95721	-62.87448	-706.2	6.74	0.09366
-59.95562	-62.87406	-710.6	6.84	0.09366
-59.95403	-62.87363	-715.8	6.93	0.09366
-59.95244	-62.87320	-721.1	7.02	0.09366
-59.95085	-62.87277	-726.1	7.12	0.09366
-59.94926	-62.87234	-730.6	7.21	0.09366
-59.94767	-62.87191	-735.4	7.31	0.09366
-59.94608	-62.87148	-739.9	7.40	0.09366
-59.94449	-62.87106	-743.4	7.49	0.09366
-59.94290	-62.87063	-745.0	7.59	0.09366
-59.94131	-62.87020	-743.8	7.68	0.09366
-59.93972	-62.86977	-743.8	7.77	0.09366
-59.93813	-62.86934	-622.0	7.87	0.09366
-59.93654	-62.86891	-552.7	7.96	0.09366
-59.93495	-62.86848	-550.2	8.05	0.09366
-59.93336	-62.86805	-538.2	8.15	0.09366
-59.93177	-62.86763	-525.9	8.24	0.09366
-59.93018	-62.86720	-518.4	8.34	0.09366
-59.92859	-62.86677	-516.5	8.43	0.09366
-59.92700	-62.86634	-514.7	8.52	0.09366
-59.92541	-62.86591	-509.8	8.62	0.09366
-59.92382	-62.86548	-505.6	8.71	0.09366
-59.92223	-62.86505	-492.9	8.80	0.09366
-59.92064	-62.86462	-470.3	8.90	0.09366
-59.91906	-62.86420	-544.9	8.99	0.09366
-59.91747	-62.86377	-532.6	9.08	0.09366
-59.91588	-62.86334	-522.8	9.18	0.09366
-59.91429	-62.86291	-514.3	9.27	0.09366
-59.91270	-62.86248	-507.5	9.37	0.09366
-59.91111	-62.86205	-502.4	9.46	0.09366
-59.90952	-62.86162	-498.8	9.55	0.09366
-59.90793	-62.86119	-496.3	9.65	0.09366
-59.90634	-62.86076	-494.6	9.74	0.09366
-59.90475	-62.86033	-493.6	9.83	0.09366
-59.90316	-62.85991	-493.4	9.93	0.09366
-59.90158	-62.85948	-494.1	10.02	0.09366
-59.89999	-62.85905	-495.5	10.11	0.09366
-59.89840	-62.85862	-497.6	10.21	0.09366
-59.89681	-62.85819	-500.6	10.30	0.09366
-59.89522	-62.85776	-504.3	10.40	0.09366
-59.89363	-62.85733	-509.0	10.49	0.09366
-59.89204	-62.85690	-514.4	10.58	0.09366
-59.89045	-62.85647	-520.6	10.68	0.09366
-59.88887	-62.85604	-527.6	10.77	0.09366
-59.88728	-62.85561	-536.0	10.86	0.09366
-59.88569	-62.85518	-546.2	10.96	0.09366
-59.88410	-62.85476	-557.4	11.05	0.09366
-59.88251	-62.85433	-568.9	11.15	0.09366
-59.88092	-62.85390	-579.7	11.24	0.09366
-59.87934	-62.85347	-589.1	11.33	0.09366
-59.87848	-62.85322	-593.8	11.38	0.05111
-59.87763	-62.85298	-598.5	11.43	0.05111
-59.87678	-62.85273	-603.0	11.49	0.05111
-59.87593	-62.85249	-607.4	11.54	0.05111
-59.87507	-62.85224	-611.5	11.59	0.05111
-59.87422	-62.85200	-615.5	11.64	0.05111
-59.87337	-62.85175	-619.1	11.69	0.05111
-59.87252	-62.85151	-622.4	11.74	0.05111
-59.87166	-62.85126	-625.3	11.79	0.05111
-59.87081	-62.85102	-627.9	11.84	0.05111
-59.86996	-62.85077	-630.1	11.89	0.05111
-59.86911	-62.85053	-632.0	11.95	0.05111
-59.86825	-62.85028	-633.7	12.00	0.05111
-59.86740	-62.85004	-635.0	12.05	0.05111
-59.86655	-62.84979	-636.2	12.10	0.05111
-59.86570	-62.84955	-637.2	12.15	0.05111
-59.86484	-62.84930	-638.1	12.20	0.05111
-59.86399	-62.84906	-638.8	12.25	0.05111
-59.86314	-62.84881	-639.5	12.30	0.05111
-59.86229	-62.84857	-640.1	12.35	0.05111
-59.86143	-62.84832	-640.6	12.41	0.05111
-59.86058	-62.84808	-640.9	12.46	0.05111
-59.85973	-62.84783	-641.1	12.51	0.05111
-59.85888	-62.84759	-641.0	12.56	0.05111
-59.85803	-62.84734	-640.8	12.61	0.05111
-59.85717	-62.84710	-640.4	12.66	0.05111
-59.85632	-62.84685	-639.9	12.71	0.05111
-59.85547	-62.84661	-639.3	12.76	0.05111
-59.85462	-62.84636	-638.6	12.81	0.05111
-59.85376	-62.84612	-637.8	12.87	0.05111
-59.85291	-62.84587	-636.9	12.92	0.05111
-59.85206	-62.84563	-635.7	12.97	0.05111
-59.85121	-62.84538	-634.3	13.02	0.05111
-59.85036	-62.84514	-632.9	13.07	0.05111
-59.84950	-62.84489	-631.4	13.12	0.05111
-59.84865	-62.84465	-630.0	13.17	0.05111
-59.84780	-62.84440	-628.8	13.22	0.05111
-59.84695	-62.84416	-627.8	13.27	0.05111
-59.84610	-62.84391	-627.1	13.33	0.05111
-59.84524	-62.84367	-626.7	13.38	0.05111
-59.84439	-62.84342	-626.7	13.43	0.05111
-59.84354	-62.84318	-627.0	13.48	0.05111
-59.84269	-62.84293	-627.5	13.53	0.05111
-59.84184	-62.84269	-628.1	13.58	0.05111
-59.84098	-62.84244	-628.9	13.63	0.05111
-59.84013	-62.84220	-629.7	13.68	0.05111
-59.83928	-62.84195	-630.6	13.73	0.05111
-59.83843	-62.84171	-631.6	13.79	0.05111
-59.83758	-62.84146	-632.5	13.84	0.05111
-59.83672	-62.84122	-633.6	13.89	0.05111
-59.83587	-62.84097	-634.6	13.94	0.05111
-59.83502	-62.84073	-635.6	13.99	0.05111
-59.83417	-62.84048	-636.6	14.04	0.05111
-59.83332	-62.84024	-637.6	14.09	0.05111
-59.83247	-62.83999	-638.4	14.14	0.05111
-59.83161	-62.83975	-639.2	14.19	0.05111
-59.83076	-62.83950	-639.9	14.25	0.05111
-59.82991	-62.83926	-640.6	14.30	0.05111
-59.82906	-62.83901	-641.3	14.35	0.05111
-59.82821	-62.83876	-642.0	14.40	0.05111
-59.82735	-62.83852	-642.7	14.45	0.05111
-59.82650	-62.83827	-643.5	14.50	0.05111
-59.82565	-62.83803	-644.4	14.55	0.05111
-59.82480	-62.83778	-645.1	14.60	0.05111
-59.82395	-62.83754	-646.6	14.65	0.05111
-59.82310	-62.83729	-642.1	14.71	0.05111
-59.82224	-62.83705	-643.8	14.76	0.05111
-59.82139	-62.83680	-651.7	14.81	0.05111
-59.82054	-62.83656	-649.1	14.86	0.05111
-59.81969	-62.83631	-647.2	14.91	0.05111
-59.81884	-62.83607	-652.8	14.96	0.05111
-59.81799	-62.83582	-650.9	15.01	0.05111
-59.81713	-62.83558	-656.2	15.06	0.05111
-59.81628	-62.83533	-656.1	15.11	0.05111
-59.81543	-62.83509	-659.4	15.17	0.05111
-59.81458	-62.83484	-661.1	15.22	0.05111
-59.81373	-62.83460	-662.4	15.27	0.05111
-59.81288	-62.83435	-663.6	15.32	0.05111
-59.81203	-62.83411	-664.5	15.37	0.05111
-59.81117	-62.83386	-664.9	15.42	0.05111
-59.81032	-62.83361	-664.9	15.47	0.05111
-59.80947	-62.83337	-664.4	15.52	0.05111
-59.80862	-62.83312	-663.5	15.57	0.05111
-59.80777	-62.83288	-661.7	15.63	0.05111
-59.80692	-62.83263	-660.6	15.68	0.05111
-59.80607	-62.83239	-658.5	15.73	0.05111
-59.80521	-62.83214	-656.3	15.78	0.05111
-59.80436	-62.83190	-653.9	15.83	0.05111
-59.80351	-62.83165	-651.3	15.88	0.05111
-59.80266	-62.83141	-648.9	15.93	0.05111
-59.80181	-62.83116	-646.5	15.98	0.05111
-59.80096	-62.83092	-644.2	16.03	0.05111
-59.80011	-62.83067	-641.6	16.09	0.05111
-59.79926	-62.83043	-638.8	16.14	0.05111
-59.79840	-62.83018	-636.8	16.19	0.05111
-59.79755	-62.82993	-633.5	16.24	0.05111
-59.79670	-62.82969	-630.5	16.29	0.05111
-59.79585	-62.82944	-626.7	16.34	0.05111
-59.79500	-62.82920	-626.3	16.39	0.05111
-59.79420	-62.82909	-623.1	16.43	0.04225
-59.79341	-62.82898	-639.3	16.48	0.04225
-59.79261	-62.82887	-586.2	16.52	0.04225
-59.79181	-62.82876	-561.4	16.56	0.04225
-59.79102	-62.82865	-606.8	16.60	0.04225
-59.79022	-62.82854	-516.7	16.65	0.04225
-59.78942	-62.82843	-468.1	16.69	0.04225
-59.78863	-62.82832	-444.8	16.73	0.04225
-59.78783	-62.82821	-453.1	16.77	0.04225
-59.78703	-62.82810	-469.5	16.82	0.04225
-59.78624	-62.82799	-487.0	16.86	0.04225
-59.78544	-62.82788	-497.8	16.90	0.04225
-59.78464	-62.82777	-501.5	16.94	0.04225
-59.78385	-62.82766	-505.1	16.98	0.04225
-59.78305	-62.82755	-510.3	17.03	0.04225
-59.78225	-62.82744	-516.4	17.07	0.04225
-59.78146	-62.82733	-522.9	17.11	0.04225
-59.78066	-62.82722	-528.7	17.15	0.04225
-59.77986	-62.82711	-534.2	17.20	0.04225
-59.77907	-62.82700	-538.8	17.24	0.04225
-59.77827	-62.82689	-540.9	17.28	0.04225
-59.77747	-62.82678	-541.3	17.32	0.04225
-59.77668	-62.82667	-540.7	17.36	0.04225
-59.77588	-62.82656	-540.2	17.41	0.04225
-59.77509	-62.82645	-539.6	17.45	0.04225
-59.77429	-62.82634	-538.0	17.49	0.04225
-59.77349	-62.82623	-534.2	17.53	0.04225
-59.77270	-62.82612	-530.3	17.58	0.04225
-59.77190	-62.82601	-529.1	17.62	0.04225
-59.77110	-62.82590	-531.9	17.66	0.04225
-59.77031	-62.82579	-539.4	17.70	0.04225
-59.76951	-62.82568	-550.3	17.74	0.04225
-59.76871	-62.82557	-562.0	17.79	0.04225
-59.76792	-62.82546	-572.3	17.83	0.04225
-59.76712	-62.82535	-580.4	17.87	0.04225
-59.76632	-62.82524	-584.8	17.91	0.04225
-59.76553	-62.82513	-586.8	17.96	0.04225
-59.76473	-62.82503	-589.5	18.00	0.04225
-59.76394	-62.82492	-597.7	18.04	0.04225
-59.76314	-62.82481	-610.4	18.08	0.04225
-59.76234	-62.82470	-626.0	18.12	0.04225
-59.76155	-62.82459	-641.1	18.17	0.04225
-59.76075	-62.82448	-650.2	18.21	0.04225
-59.75995	-62.82437	-652.9	18.25	0.04225
-59.75916	-62.82426	-650.7	18.29	0.04225
-59.75836	-62.82415	-649.2	18.34	0.04225
-59.75756	-62.82404	-649.4	18.38	0.04225
-59.75677	-62.82393	-652.3	18.42	0.04225
-59.75597	-62.82382	-657.5	18.46	0.04225
-59.75518	-62.82371	-663.5	18.51	0.04225
-59.75438	-62.82360	-670.2	18.55	0.04225
-59.75358	-62.82349	-678.3	18.59	0.04225
-59.75279	-62.82338	-689.7	18.63	0.04225
-59.75199	-62.82327	-702.9	18.67	0.04225
-59.75119	-62.82316	-716.4	18.72	0.04225
-59.75040	-62.82305	-727.6	18.76	0.04225
-59.74960	-62.82294	-736.4	18.80	0.04225
-59.74880	-62.82283	-743.3	18.84	0.04225
-59.74801	-62.82272	-748.8	18.89	0.04225
-59.74721	-62.82261	-753.4	18.93	0.04225
-59.74642	-62.82250	-755.0	18.97	0.04225
-59.74562	-62.82239	-752.9	19.01	0.04225
-59.74482	-62.82228	-748.1	19.05	0.04225
-59.74403	-62.82217	-741.4	19.10	0.04225
-59.74323	-62.82206	-735.0	19.14	0.04225
-59.74243	-62.82195	-730.9	19.18	0.04225
-59.74164	-62.82184	-729.9	19.22	0.04225
-59.74084	-62.82173	-729.5	19.27	0.04225
-59.74005	-62.82162	-731.2	19.31	0.04225
-59.73925	-62.82151	-735.1	19.35	0.04225
-59.73845	-62.82140	-740.2	19.39	0.04225
-59.73766	-62.82129	-746.9	19.43	0.04225
-59.73686	-62.82118	-753.4	19.48	0.04225
-59.73607	-62.82107	-759.3	19.52	0.04225
-59.73527	-62.82096	-766.6	19.56	0.04225
-59.73447	-62.82085	-778.7	19.60	0.04225
-59.73368	-62.82074	-795.4	19.65	0.04225
-59.73288	-62.82063	-812.9	19.69	0.04225
-59.73208	-62.82052	-828.7	19.73	0.04225
-59.73129	-62.82040	-837.9	19.77	0.04225
-59.73049	-62.82029	-838.5	19.81	0.04225
-59.72970	-62.82018	-835.5	19.86	0.04225
-59.72890	-62.82007	-833.0	19.90	0.04225
-59.72810	-62.81996	-832.3	19.94	0.04225
-59.72731	-62.81985	-833.7	19.98	0.04225
-59.72651	-62.81974	-836.0	20.03	0.04225
-59.72572	-62.81963	-839.6	20.07	0.04225
-59.72492	-62.81952	-845.4	20.11	0.04225
-59.72412	-62.81941	-853.9	20.15	0.04225
-59.72333	-62.81930	-869.1	20.20	0.04225
-59.72253	-62.81919	-889.8	20.24	0.04225
-59.72173	-62.81908	-912.4	20.28	0.04225
-59.72094	-62.81897	-927.8	20.32	0.04225
-59.72014	-62.81886	-942.5	20.36	0.04225
-59.71935	-62.81875	-955.6	20.41	0.04225
-59.71855	-62.81864	-963.5	20.45	0.04225
-59.71775	-62.81853	-970.3	20.49	0.04225
-59.71696	-62.81842	-977.1	20.53	0.04225
-59.71616	-62.81831	-983.7	20.58	0.04225
-59.71533	-62.81812	-987.5	20.62	0.04756
-59.71449	-62.81792	-986.8	20.67	0.04756
-59.71366	-62.81773	-980.7	20.72	0.04756
-59.71283	-62.81753	-970.9	20.77	0.04756
-59.71199	-62.81734	-959.2	20.81	0.04756
-59.71116	-62.81715	-951.4	20.86	0.04756
-59.71033	-62.81695	-950.9	20.91	0.04756
-59.70949	-62.81676	-959.1	20.96	0.04756
-59.70866	-62.81656	-970.3	21.00	0.04756
-59.70782	-62.81637	-977.8	21.05	0.04756
-59.70699	-62.81617	-981.1	21.10	0.04756
-59.70616	-62.81598	-983.7	21.15	0.04756
-59.70532	-62.81578	-986.7	21.19	0.04756
-59.70449	-62.81559	-990.0	21.24	0.04756
-59.70365	-62.81540	-992.0	21.29	0.04756
-59.70282	-62.81520	-993.2	21.34	0.04756
-59.70199	-62.81501	-992.4	21.38	0.04756
-59.70115	-62.81481	-992.0	21.43	0.04756
-59.70032	-62.81462	-990.2	21.48	0.04756
-59.69949	-62.81442	-986.5	21.53	0.04756
-59.69865	-62.81423	-981.4	21.57	0.04756
-59.69782	-62.81403	-979.8	21.62	0.04756
-59.69699	-62.81384	-981.8	21.67	0.04756
-59.69615	-62.81365	-980.9	21.72	0.04756
-59.69532	-62.81345	-976.3	21.76	0.04756
-59.69448	-62.81326	-966.0	21.81	0.04756
-59.69365	-62.81306	-953.2	21.86	0.04756
-59.69282	-62.81287	-941.4	21.91	0.04756
-59.69198	-62.81267	-933.7	21.95	0.04756
-59.69115	-62.81248	-931.2	22.00	0.04756
-59.69032	-62.81228	-929.7	22.05	0.04756
-59.68948	-62.81209	-922.7	22.10	0.04756
-59.68865	-62.81189	-908.3	22.14	0.04756
-59.68782	-62.81170	-891.6	22.19	0.04756
-59.68698	-62.81151	-872.1	22.24	0.04756
-59.68615	-62.81131	-852.0	22.29	0.04756
-59.68532	-62.81112	-832.5	22.33	0.04756
-59.68448	-62.81092	-814.5	22.38	0.04756
-59.68365	-62.81073	-797.2	22.43	0.04756
-59.68281	-62.81053	-785.0	22.48	0.04756
-59.68198	-62.81034	-780.2	22.53	0.04756
-59.68115	-62.81014	-775.6	22.57	0.04756
-59.68031	-62.80995	-766.7	22.62	0.04756
-59.67948	-62.80975	-754.1	22.67	0.04756
-59.67865	-62.80956	-739.5	22.72	0.04756
-59.67781	-62.80936	-726.6	22.76	0.04756
-59.67698	-62.80917	-717.2	22.81	0.04756
-59.67615	-62.80898	-706.9	22.86	0.04756
-59.67531	-62.80878	-697.4	22.91	0.04756
-59.67448	-62.80859	-694.0	22.95	0.04756
-59.67365	-62.80839	-691.2	23.00	0.04756
-59.67281	-62.80820	-690.0	23.05	0.04756
-59.67198	-62.80800	-687.3	23.10	0.04756
-59.67115	-62.80781	-681.3	23.14	0.04756
-59.67031	-62.80761	-670.1	23.19	0.04756
-59.66948	-62.80742	-658.9	23.24	0.04756
-59.66865	-62.80722	-669.6	23.29	0.04756
-59.66781	-62.80703	-662.3	23.33	0.04756
-59.66698	-62.80683	-651.6	23.38	0.04756
-59.66615	-62.80664	-679.1	23.43	0.04756
-59.66531	-62.80644	-690.4	23.48	0.04756
-59.66448	-62.80625	-707.7	23.52	0.04756
-59.66365	-62.80606	-702.8	23.57	0.04756
-59.66281	-62.80586	-728.0	23.62	0.04756
-59.66198	-62.80567	-726.0	23.67	0.04756
-59.66115	-62.80547	-708.9	23.71	0.04756
-59.66031	-62.80528	-720.0	23.76	0.04756
-59.65948	-62.80508	-727.4	23.81	0.04756
-59.65865	-62.80489	-718.6	23.86	0.04756
-59.65782	-62.80469	-718.0	23.90	0.04756
-59.65698	-62.80450	-722.6	23.95	0.04756
-59.65615	-62.80430	-743.3	24.00	0.04756
-59.65532	-62.80411	-786.7	24.05	0.04756
-59.65448	-62.80391	-808.3	24.09	0.04756
-59.65365	-62.80372	-821.7	24.14	0.04756
-59.65282	-62.80352	-824.0	24.19	0.04756
-59.65198	-62.80333	-822.4	24.24	0.04756
-59.65115	-62.80313	-828.3	24.28	0.04756
-59.65032	-62.80294	-871.5	24.33	0.04756
-59.64948	-62.80274	-877.3	24.38	0.04756
-59.64865	-62.80255	-879.5	24.43	0.04756
-59.64782	-62.80236	-885.7	24.47	0.04756
-59.64699	-62.80216	-897.7	24.52	0.04756
-59.64615	-62.80197	-906.0	24.57	0.04756
-59.64532	-62.80177	-916.6	24.62	0.04756
-59.64449	-62.80158	-930.5	24.67	0.04756
-59.64365	-62.80138	-942.3	24.71	0.04756
-59.64282	-62.80119	-963.5	24.76	0.04756
-59.64199	-62.80099	-992.5	24.81	0.04756
-59.64115	-62.80080	-1020.4	24.86	0.04756
-59.64032	-62.80060	-1042.2	24.90	0.04756
-59.63949	-62.80041	-1055.7	24.95	0.04756
-59.63866	-62.80021	-1059.4	25.00	0.04756
-59.63782	-62.80002	-1064.3	25.05	0.04756
-59.63699	-62.79982	-1063.2	25.09	0.04756
-59.63616	-62.79963	-1071.2	25.14	0.04756
-59.63532	-62.79943	-1079.8	25.19	0.04756
-59.63449	-62.79924	-1088.9	25.24	0.04756
-59.63366	-62.79904	-1103.3	25.28	0.04756
-59.63187	-62.79884	-1150.3	25.38	0.09344
-59.63009	-62.79864	-1191.4	25.47	0.09344
-59.62830	-62.79845	-1196.0	25.56	0.09344
-59.62651	-62.79825	-1186.0	25.66	0.09344
-59.62473	-62.79805	-1170.2	25.75	0.09344
-59.62294	-62.79785	-1162.2	25.84	0.09344
-59.62116	-62.79765	-1159.8	25.94	0.09344
-59.61937	-62.79745	-1138.3	26.03	0.09344
-59.61758	-62.79725	-1129.4	26.12	0.09344
-59.61580	-62.79705	-1121.4	26.22	0.09344
-59.61401	-62.79685	-1137.2	26.31	0.09344
-59.61223	-62.79665	-1158.2	26.40	0.09344
-59.61044	-62.79645	-1189.3	26.50	0.09344
-59.60866	-62.79625	-1213.6	26.59	0.09344
-59.60687	-62.79605	-1230.5	26.69	0.09344
-59.60508	-62.79586	-1243.0	26.78	0.09344
-59.60330	-62.79566	-1252.8	26.87	0.09344
-59.60151	-62.79546	-1266.7	26.97	0.09344
-59.59973	-62.79526	-1288.0	27.06	0.09344
-59.59794	-62.79506	-1310.3	27.15	0.09344
-59.59616	-62.79486	-1334.5	27.25	0.09344
-59.59437	-62.79466	-1360.4	27.34	0.09344
-59.59258	-62.79446	-1382.5	27.43	0.09344
-59.59080	-62.79426	-1395.3	27.53	0.09344
-59.58901	-62.79406	-1402.4	27.62	0.09344
-59.58723	-62.79386	-1404.2	27.71	0.09344
-59.58544	-62.79366	-1403.4	27.81	0.09344
-59.58366	-62.79346	-1404.1	27.90	0.09344
-59.58187	-62.79326	-1410.5	27.99	0.09344
-59.58009	-62.79306	-1415.3	28.09	0.09344
-59.57830	-62.79286	-1408.3	28.18	0.09344
-59.57652	-62.79266	-1393.8	28.27	0.09344
-59.57473	-62.79246	-1383.5	28.37	0.09344
-59.57295	-62.79226	-1372.9	28.46	0.09344
-59.57116	-62.79206	-1367.8	28.55	0.09344
-59.56937	-62.79186	-1372.9	28.65	0.09344
-59.56759	-62.79166	-1383.5	28.74	0.09344
-59.56580	-62.79146	-1392.8	28.83	0.09344
-59.56402	-62.79126	-1399.7	28.93	0.09344
-59.56223	-62.79106	-1412.1	29.02	0.09344
-59.56045	-62.79086	-1421.2	29.11	0.09344
-59.55866	-62.79066	-1425.0	29.21	0.09344
-59.55688	-62.79046	-1423.9	29.30	0.09344
-59.55509	-62.79026	-1424.7	29.39	0.09344
-59.55331	-62.79006	-1430.5	29.49	0.09344
-59.55152	-62.78986	-1431.9	29.58	0.09344
-59.54974	-62.78966	-1430.3	29.68	0.09344
-59.54795	-62.78946	-1431.4	29.77	0.09344
-59.54617	-62.78926	-1432.6	29.86	0.09344
-59.54438	-62.78906	-1434.7	29.96	0.09344
-59.54260	-62.78886	-1435.7	30.05	0.09344
-59.54081	-62.78866	-1439.7	30.14	0.09344
-59.53903	-62.78846	-1444.9	30.24	0.09344
-59.53724	-62.78826	-1448.9	30.33	0.09344
-59.53546	-62.78806	-1450.8	30.42	0.09344
-59.53367	-62.78786	-1454.4	30.52	0.09344
-59.53189	-62.78766	-1459.3	30.61	0.09344
-59.53011	-62.78746	-1464.2	30.70	0.09344
-59.52832	-62.78726	-1466.7	30.80	0.09344
-59.52654	-62.78706	-1470.0	30.89	0.09344
-59.52475	-62.78686	-1474.8	30.98	0.09344
-59.52297	-62.78666	-1476.9	31.08	0.09344
-59.52118	-62.78646	-1478.1	31.17	0.09344
-59.51940	-62.78626	-1477.9	31.26	0.09344
-59.51761	-62.78606	-1478.8	31.36	0.09344
-59.51583	-62.78586	-1477.8	31.45	0.09344
-59.51404	-62.78566	-1476.6	31.54	0.09344
-59.51226	-62.78546	-1473.3	31.64	0.09344
-59.51047	-62.78525	-1472.3	31.73	0.09344
-59.50869	-62.78505	-1472.4	31.82	0.09344
-59.50691	-62.78485	-1473.1	31.92	0.09344
-59.50512	-62.78465	-1473.5	32.01	0.09344
-59.50334	-62.78445	-1473.9	32.10	0.09344
-59.50155	-62.78425	-1472.0	32.20	0.09344
-59.49977	-62.78405	-1469.6	32.29	0.09344
-59.49798	-62.78385	-1467.8	32.39	0.09344
-59.49620	-62.78365	-1466.3	32.48	0.09344
-59.49442	-62.78345	-1465.9	32.57	0.09344
-59.49263	-62.78325	-1467.7	32.67	0.09344
-59.49085	-62.78305	-1469.8	32.76	0.09344
-59.48906	-62.78285	-1473.6	32.85	0.09344
-59.48728	-62.78264	-1477.0	32.95	0.09344
-59.48550	-62.78244	-1477.1	33.04	0.09344
-59.48371	-62.78224	-1477.4	33.13	0.09344
-59.48193	-62.78204	-1482.7	33.23	0.09344
-59.48014	-62.78184	-1488.6	33.32	0.09344
-59.47836	-62.78164	-1488.4	33.41	0.09344
-59.47658	-62.78144	-1482.2	33.51	0.09344
-59.47479	-62.78124	-1480.1	33.60	0.09344
-59.47301	-62.78104	-1483.2	33.69	0.09344
-59.47122	-62.78084	-1487.0	33.79	0.09344
-59.46944	-62.78063	-1490.3	33.88	0.09344
-59.46766	-62.78043	-1491.7	33.97	0.09344
-59.46587	-62.78023	-1489.2	34.07	0.09344
-59.46409	-62.78003	-1483.6	34.16	0.09344
-59.46230	-62.77983	-1477.8	34.25	0.09344
-59.46052	-62.77963	-1476.7	34.35	0.09344
-59.45874	-62.77943	-1477.1	34.44	0.09344
-59.45695	-62.77923	-1477.6	34.53	0.09344
-59.45517	-62.77903	-1477.6	34.63	0.09344
-59.45339	-62.77882	-1477.0	34.72	0.09344
-59.45160	-62.77862	-1477.6	34.81	0.09344
-59.44982	-62.77842	-1479.8	34.91	0.09344
-59.44803	-62.77822	-1480.9	35.00	0.09344
-59.44625	-62.77802	-1479.5	35.10	0.09344
-59.44447	-62.77782	-1475.3	35.19	0.09344
-59.44268	-62.77762	-1468.4	35.28	0.09344
-59.44090	-62.77741	-1460.6	35.38	0.09344
-59.43912	-62.77721	-1444.1	35.47	0.09344
-59.43733	-62.77701	-1429.3	35.56	0.09344
-59.43555	-62.77681	-1430.6	35.66	0.09344
-59.43377	-62.77661	-1440.6	35.75	0.09344
-59.43198	-62.77641	-1434.9	35.84	0.09344
-59.43041	-62.77596	-1412.3	35.94	0.09404
-59.42885	-62.77551	-1390.4	36.03	0.09404
-59.42728	-62.77506	-1375.3	36.12	0.09404
-59.42571	-62.77462	-1369.4	36.22	0.09404
-59.42414	-62.77417	-1368.7	36.31	0.09404
-59.42257	-62.77372	-1368.7	36.41	0.09404
-59.42100	-62.77327	-1363.9	36.50	0.09404
-59.41943	-62.77283	-1352.5	36.59	0.09404
-59.41787	-62.77238	-1343.2	36.69	0.09404
-59.41630	-62.77193	-1344.8	36.78	0.09404
-59.41473	-62.77148	-1348.8	36.88	0.09404
-59.41316	-62.77104	-1365.4	36.97	0.09404
-59.41159	-62.77059	-1387.3	37.07	0.09404
-59.41002	-62.77014	-1378.5	37.16	0.09404
-59.40846	-62.76969	-1335.9	37.25	0.09404
-59.40689	-62.76925	-1306.0	37.35	0.09404
-59.40532	-62.76880	-1303.0	37.44	0.09404
-59.40375	-62.76835	-1311.1	37.54	0.09404
-59.40218	-62.76790	-1309.7	37.63	0.09404
-59.40062	-62.76746	-1309.7	37.72	0.09404
-59.39905	-62.76701	-1311.6	37.82	0.09404
-59.39748	-62.76656	-1314.3	37.91	0.09404
-59.39591	-62.76611	-1315.0	38.01	0.09404
-59.39434	-62.76567	-1319.8	38.10	0.09404
-59.39278	-62.76522	-1327.9	38.19	0.09404
-59.39121	-62.76477	-1327.9	38.29	0.09404
-59.38964	-62.76432	-1308.8	38.38	0.09404
-59.38807	-62.76387	-1260.0	38.48	0.09404
-59.38651	-62.76343	-1247.1	38.57	0.09404
-59.38494	-62.76298	-1239.7	38.66	0.09404
-59.38337	-62.76253	-1236.6	38.76	0.09404
-59.38180	-62.76208	-1222.1	38.85	0.09404
-59.38024	-62.76164	-1210.0	38.95	0.09404
-59.37867	-62.76119	-1202.7	39.04	0.09404
-59.37710	-62.76074	-1190.7	39.13	0.09404
-59.37554	-62.76029	-1175.4	39.23	0.09404
-59.37397	-62.75984	-1164.8	39.32	0.09404
-59.37240	-62.75940	-1178.7	39.42	0.09404
-59.37083	-62.75895	-1186.1	39.51	0.09404
-59.36927	-62.75850	-1184.9	39.60	0.09404
-59.36770	-62.75805	-1184.0	39.70	0.09404
-59.36613	-62.75760	-1184.6	39.79	0.09404
-59.36457	-62.75716	-1186.9	39.89	0.09404
-59.36300	-62.75671	-1184.6	39.98	0.09404
-59.36143	-62.75626	-1183.1	40.07	0.09404
-59.35987	-62.75581	-1184.1	40.17	0.09404
-59.35830	-62.75536	-1183.5	40.26	0.09404
-59.35673	-62.75491	-1179.7	40.36	0.09404
-59.35517	-62.75447	-1172.7	40.45	0.09404
-59.35360	-62.75402	-1170.1	40.54	0.09404
-59.35203	-62.75357	-1171.4	40.64	0.09404
-59.35047	-62.75312	-1169.6	40.73	0.09404
-59.34890	-62.75267	-1165.0	40.83	0.09404
-59.34733	-62.75223	-1163.1	40.92	0.09404
-59.34577	-62.75178	-1165.4	41.01	0.09404
-59.34420	-62.75133	-1168.7	41.11	0.09404
-59.34264	-62.75088	-1173.8	41.20	0.09404
-59.34107	-62.75043	-1178.0	41.30	0.09404
-59.33950	-62.74998	-1174.8	41.39	0.09404
-59.33794	-62.74954	-1171.7	41.48	0.09404
-59.33637	-62.74909	-1169.5	41.58	0.09404
-59.33481	-62.74864	-1170.2	41.67	0.09404
-59.33324	-62.74819	-1174.6	41.77	0.09404
-59.33167	-62.74774	-1179.5	41.86	0.09404
-59.33011	-62.74729	-1185.4	41.95	0.09404
-59.32854	-62.74685	-1190.5	42.05	0.09404
-59.32698	-62.74640	-1188.7	42.14	0.09404
-59.32541	-62.74595	-1184.6	42.24	0.09404
-59.32385	-62.74550	-1180.4	42.33	0.09404
-59.32228	-62.74505	-1177.8	42.43	0.09404
-59.32071	-62.74460	-1176.6	42.52	0.09404
-59.31915	-62.74415	-1173.2	42.61	0.09404
-59.31758	-62.74371	-1169.9	42.71	0.09404
-59.31602	-62.74326	-1171.2	42.80	0.09404
-59.31445	-62.74281	-1177.7	42.90	0.09404
-59.31289	-62.74236	-1185.9	42.99	0.09404
-59.31132	-62.74191	-1194.3	43.08	0.09404
-59.30976	-62.74146	-1205.7	43.18	0.09404
-59.30819	-62.74101	-1221.0	43.27	0.09404
-59.30663	-62.74057	-1237.4	43.37	0.09404
-59.30506	-62.74012	-1252.2	43.46	0.09404
-59.30350	-62.73967	-1264.1	43.55	0.09404
-59.30193	-62.73922	-1272.1	43.65	0.09404
-59.30037	-62.73877	-1276.7	43.74	0.09404
-59.29880	-62.73832	-1283.6	43.84	0.09404
-59.29724	-62.73787	-1290.3	43.93	0.09404
-59.29567	-62.73742	-1295.0	44.02	0.09404
-59.29411	-62.73698	-1297.0	44.12	0.09404
-59.29254	-62.73653	-1297.9	44.21	0.09404
-59.29098	-62.73608	-1303.5	44.31	0.09404
-59.28941	-62.73563	-1313.1	44.40	0.09404
-59.28785	-62.73518	-1321.1	44.49	0.09404
-59.28628	-62.73473	-1327.1	44.59	0.09404
-59.28472	-62.73428	-1334.4	44.68	0.09404
-59.28316	-62.73383	-1339.6	44.78	0.09404
-59.28159	-62.73338	-1347.1	44.87	0.09404
-59.28003	-62.73293	-1355.2	44.96	0.09404
-59.27846	-62.73249	-1355.9	45.06	0.09404
-59.27690	-62.73204	-1354.7	45.15	0.09404
-59.27533	-62.73159	-1350.2	45.25	0.09404
-59.27377	-62.73114	-1344.3	45.34	0.09404
-59.27221	-62.73069	-1348.2	45.43	0.09404
-59.27064	-62.73024	-1372.4	45.53	0.09404
-59.27007	-62.73008	-1376.4	45.56	0.03431
-59.26949	-62.72992	-1376.0	45.60	0.03431
-59.26892	-62.72976	-1374.8	45.63	0.03431
-59.26835	-62.72960	-1372.8	45.67	0.03431
-59.26777	-62.72943	-1368.4	45.70	0.03431
-59.26720	-62.72927	-1363.0	45.73	0.03431
-59.26662	-62.72911	-1357.8	45.77	0.03431
-59.26605	-62.72895	-1353.2	45.80	0.03431
-59.26547	-62.72879	-1350.7	45.84	0.03431
-59.26490	-62.72863	-1347.0	45.87	0.03431
-59.26432	-62.72847	-1346.6	45.91	0.03431
-59.26375	-62.72831	-1352.1	45.94	0.03431
-59.26318	-62.72815	-1359.5	45.97	0.03431
-59.26260	-62.72798	-1367.0	46.01	0.03431
-59.26203	-62.72782	-1373.8	46.04	0.03431
-59.26145	-62.72766	-1379.2	46.08	0.03431
-59.26088	-62.72750	-1384.4	46.11	0.03431
-59.26030	-62.72734	-1389.7	46.15	0.03431
-59.25973	-62.72718	-1394.7	46.18	0.03431
-59.25916	-62.72702	-1399.2	46.21	0.03431
-59.25858	-62.72686	-1403.5	46.25	0.03431
-59.25801	-62.72669	-1408.0	46.28	0.03431
-59.25743	-62.72653	-1412.0	46.32	0.03431
-59.25686	-62.72637	-1415.1	46.35	0.03431
-59.25628	-62.72621	-1417.6	46.39	0.03431
-59.25571	-62.72605	-1419.4	46.42	0.03431
-59.25514	-62.72589	-1421.5	46.45	0.03431
-59.25456	-62.72573	-1422.8	46.49	0.03431
-59.25399	-62.72557	-1423.0	46.52	0.03431
-59.25341	-62.72540	-1423.2	46.56	0.03431
-59.25284	-62.72524	-1423.1	46.59	0.03431
-59.25226	-62.72508	-1422.6	46.63	0.03431
-59.25169	-62.72492	-1422.2	46.66	0.03431
-59.25112	-62.72476	-1422.5	46.70	0.03431
-59.25054	-62.72460	-1423.6	46.73	0.03431
-59.24997	-62.72444	-1424.8	46.76	0.03431
-59.24939	-62.72428	-1426.3	46.80	0.03431
-59.24882	-62.72412	-1427.7	46.83	0.03431
-59.24825	-62.72395	-1428.9	46.87	0.03431
-59.24767	-62.72379	-1430.7	46.90	0.03431
-59.24710	-62.72363	-1432.0	46.94	0.03431
-59.24652	-62.72347	-1432.7	46.97	0.03431
-59.24595	-62.72331	-1432.9	47.00	0.03431
-59.24537	-62.72315	-1433.2	47.04	0.03431
-59.24480	-62.72299	-1432.9	47.07	0.03431
-59.24423	-62.72283	-1431.3	47.11	0.03431
-59.24365	-62.72266	-1429.5	47.14	0.03431
-59.24308	-62.72250	-1427.9	47.18	0.03431
-59.24250	-62.72234	-1427.0	47.21	0.03431
-59.24193	-62.72218	-1427.3	47.24	0.03431
-59.24136	-62.72202	-1428.8	47.28	0.03431
-59.24078	-62.72186	-1430.5	47.31	0.03431
-59.24021	-62.72170	-1432.3	47.35	0.03431
-59.23963	-62.72154	-1433.1	47.38	0.03431
-59.23906	-62.72137	-1433.1	47.42	0.03431
-59.23849	-62.72121	-1432.4	47.45	0.03431
-59.23791	-62.72105	-1430.7	47.48	0.03431
-59.23734	-62.72089	-1428.5	47.52	0.03431
-59.23676	-62.72073	-1426.7	47.55	0.03431
-59.23619	-62.72057	-1425.9	47.59	0.03431
-59.23562	-62.72041	-1425.2	47.62	0.03431
-59.23504	-62.72024	-1424.6	47.66	0.03431
-59.23447	-62.72008	-1422.7	47.69	0.03431
-59.23389	-62.71992	-1419.7	47.72	0.03431
-59.23332	-62.71976	-1415.9	47.76	0.03431
-59.23275	-62.71960	-1411.2	47.79	0.03431
-59.23217	-62.71944	-1407.6	47.83	0.03431
-59.23160	-62.71928	-1404.4	47.86	0.03431
-59.23102	-62.71912	-1401.7	47.90	0.03431
-59.23045	-62.71895	-1399.4	47.93	0.03431
-59.22988	-62.71879	-1397.0	47.96	0.03431
-59.22930	-62.71863	-1394.5	48.00	0.03431
-59.22873	-62.71847	-1392.5	48.03	0.03431
-59.22815	-62.71831	-1390.2	48.07	0.03431
-59.22758	-62.71815	-1388.0	48.10	0.03431
-59.22701	-62.71799	-1385.8	48.14	0.03431
-59.22643	-62.71783	-1382.6	48.17	0.03431
-59.22586	-62.71766	-1379.7	48.20	0.03431
-59.22528	-62.71750	-1378.3	48.24	0.03431
-59.22471	-62.71734	-1376.3	48.27	0.03431
-59.22414	-62.71718	-1373.6	48.31	0.03431
-59.22356	-62.71702	-1371.3	48.34	0.03431
-59.22299	-62.71686	-1369.0	48.38	0.03431
-59.22241	-62.71670	-1364.3	48.41	0.03431
-59.22184	-62.71653	-1359.5	48.45	0.03431
-59.22127	-62.71637	-1354.9	48.48	0.03431
-59.22069	-62.71621	-1351.4	48.51	0.03431
-59.22012	-62.71605	-1349.9	48.55	0.03431
-59.21955	-62.71589	-1351.5	48.58	0.03431
-59.21897	-62.71573	-1355.9	48.62	0.03431
-59.21840	-62.71557	-1361.6	48.65	0.03431
-59.21782	-62.71540	-1367.2	48.69	0.03431
-59.21725	-62.71524	-1372.1	48.72	0.03431
-59.21668	-62.71508	-1375.8	48.75	0.03431
-59.21610	-62.71492	-1377.1	48.79	0.03431
-59.21553	-62.71476	-1376.0	48.82	0.03431
-59.21495	-62.71460	-1374.3	48.86	0.03431
-59.21438	-62.71444	-1372.2	48.89	0.03431
-59.21381	-62.71428	-1369.5	48.93	0.03431
-59.21225	-62.71383	-1361.2	49.02	0.09369
-59.21069	-62.71339	-1351.9	49.11	0.09369
-59.20913	-62.71294	-1347.4	49.21	0.09369
-59.20756	-62.71250	-1347.3	49.30	0.09369
-59.20600	-62.71205	-1347.7	49.39	0.09369
-59.20444	-62.71161	-1354.4	49.49	0.09369
-59.20288	-62.71116	-1361.8	49.58	0.09369
-59.20132	-62.71072	-1361.2	49.67	0.09369
-59.19976	-62.71027	-1358.3	49.77	0.09369
-59.19820	-62.70983	-1355.7	49.86	0.09369
-59.19664	-62.70938	-1341.3	49.96	0.09369
-59.19508	-62.70893	-1332.0	50.05	0.09369
-59.19352	-62.70849	-1326.2	50.14	0.09369
-59.19196	-62.70804	-1322.6	50.24	0.09369
-59.19040	-62.70760	-1327.6	50.33	0.09369
-59.18884	-62.70715	-1336.8	50.42	0.09369
-59.18728	-62.70671	-1337.7	50.52	0.09369
-59.18572	-62.70626	-1335.3	50.61	0.09369
-59.18416	-62.70582	-1329.8	50.71	0.09369
-59.18260	-62.70537	-1320.8	50.80	0.09369
-59.18104	-62.70493	-1314.7	50.89	0.09369
-59.17948	-62.70448	-1309.8	50.99	0.09369
-59.17792	-62.70404	-1305.5	51.08	0.09369
-59.17636	-62.70359	-1301.0	51.17	0.09369
-59.17480	-62.70315	-1296.2	51.27	0.09369
-59.17324	-62.70270	-1292.8	51.36	0.09369
-59.17168	-62.70226	-1289.9	51.46	0.09369
-59.17012	-62.70181	-1287.5	51.55	0.09369
-59.16857	-62.70137	-1284.6	51.64	0.09369
-59.16701	-62.70092	-1282.7	51.74	0.09369
-59.16545	-62.70047	-1279.7	51.83	0.09369
-59.16389	-62.70003	-1276.5	51.92	0.09369
-59.16233	-62.69958	-1268.3	52.02	0.09369
-59.16077	-62.69914	-1255.4	52.11	0.09369
-59.15921	-62.69869	-1243.6	52.20	0.09369
-59.15765	-62.69825	-1233.7	52.30	0.09369
-59.15609	-62.69780	-1227.5	52.39	0.09369
-59.15453	-62.69736	-1229.3	52.49	0.09369
-59.15297	-62.69691	-1235.0	52.58	0.09369
-59.15141	-62.69646	-1229.4	52.67	0.09369
-59.14986	-62.69602	-1234.2	52.77	0.09369
-59.14830	-62.69557	-1237.2	52.86	0.09369
-59.14674	-62.69513	-1230.7	52.95	0.09369
-59.14518	-62.69468	-1214.7	53.05	0.09369
-59.14362	-62.69424	-1202.3	53.14	0.09369
-59.14206	-62.69379	-1194.7	53.24	0.09369
-59.14050	-62.69334	-1192.0	53.33	0.09369
-59.13895	-62.69290	-1190.6	53.42	0.09369
-59.13739	-62.69245	-1189.8	53.52	0.09369
-59.13583	-62.69201	-1183.9	53.61	0.09369
-59.13427	-62.69156	-1174.7	53.70	0.09369
-59.13271	-62.69112	-1166.1	53.80	0.09369
-59.13115	-62.69067	-1159.6	53.89	0.09369
-59.12960	-62.69022	-1153.8	53.98	0.09369
-59.12804	-62.68978	-1151.9	54.08	0.09369
-59.12648	-62.68933	-1144.7	54.17	0.09369
-59.12492	-62.68889	-1137.7	54.27	0.09369
-59.12336	-62.68844	-1129.3	54.36	0.09369
-59.12180	-62.68799	-1121.8	54.45	0.09369
-59.12025	-62.68755	-1119.6	54.55	0.09369
-59.11869	-62.68710	-1121.4	54.64	0.09369
-59.11713	-62.68666	-1119.6	54.73	0.09369
-59.11557	-62.68621	-1116.7	54.83	0.09369
-59.11402	-62.68576	-1104.7	54.92	0.09369
-59.11246	-62.68532	-1105.7	55.02	0.09369
-59.11090	-62.68487	-1115.3	55.11	0.09369
-59.10934	-62.68443	-1117.6	55.20	0.09369
-59.10778	-62.68398	-1106.1	55.30	0.09369
-59.10623	-62.68353	-1095.9	55.39	0.09369
-59.10467	-62.68309	-1090.3	55.48	0.09369
-59.10311	-62.68264	-1096.9	55.58	0.09369
-59.10155	-62.68220	-1105.7	55.67	0.09369
-59.10000	-62.68175	-1113.3	55.76	0.09369
-59.09844	-62.68130	-1121.6	55.86	0.09369
-59.09688	-62.68086	-1129.9	55.95	0.09369
-59.09533	-62.68041	-1132.5	56.05	0.09369
-59.09377	-62.67996	-1126.8	56.14	0.09369
-59.09221	-62.67952	-1121.6	56.23	0.09369
-59.09065	-62.67907	-1121.6	56.33	0.09369
-59.08910	-62.67863	-1127.3	56.42	0.09369
-59.08754	-62.67818	-1129.1	56.51	0.09369
-59.08598	-62.67773	-1125.5	56.61	0.09369
-59.08443	-62.67729	-1127.8	56.70	0.09369
-59.08287	-62.67684	-1130.2	56.80	0.09369
-59.08131	-62.67639	-1135.0	56.89	0.09369
-59.07976	-62.67595	-1142.3	56.98	0.09369
-59.07820	-62.67550	-1150.1	57.08	0.09369
-59.07664	-62.67505	-1156.2	57.17	0.09369
-59.07509	-62.67461	-1164.9	57.26	0.09369
-59.07353	-62.67416	-1174.8	57.36	0.09369
-59.07197	-62.67372	-1183.0	57.45	0.09369
-59.07042	-62.67327	-1188.4	57.54	0.09369
-59.06886	-62.67282	-1192.4	57.64	0.09369
-59.06730	-62.67238	-1195.6	57.73	0.09369
-59.06575	-62.67193	-1203.8	57.83	0.09369
-59.06419	-62.67148	-1215.1	57.92	0.09369
-59.06264	-62.67104	-1225.6	58.01	0.09369
-59.06108	-62.67059	-1229.3	58.11	0.09369
-59.05952	-62.67014	-1233.1	58.20	0.09369
-59.05797	-62.66970	-1242.4	58.29	0.09369
-59.05721	-62.66942	-1245.5	58.34	0.04919
-59.05645	-62.66915	-1251.5	58.39	0.04919
-59.05569	-62.66888	-1256.4	58.44	0.04919
-59.05493	-62.66861	-1258.3	58.49	0.04919
-59.05417	-62.66834	-1256.9	58.54	0.04919
-59.05341	-62.66806	-1253.4	58.59	0.04919
-59.05265	-62.66779	-1250.4	58.64	0.04919
-59.05189	-62.66752	-1246.5	58.69	0.04919
-59.05113	-62.66725	-1244.2	58.74	0.04919
-59.05037	-62.66698	-1243.9	58.79	0.04919
-59.04961	-62.66670	-1244.4	58.84	0.04919
-59.04885	-62.66643	-1244.3	58.88	0.04919
-59.04809	-62.66616	-1244.1	58.93	0.04919
-59.04733	-62.66589	-1243.2	58.98	0.04919
-59.04657	-62.66562	-1243.2	59.03	0.04919
-59.04581	-62.66534	-1242.8	59.08	0.04919
-59.04505	-62.66507	-1242.8	59.13	0.04919
-59.04429	-62.66480	-1240.9	59.18	0.04919
-59.04353	-62.66453	-1238.1	59.23	0.04919
-59.04277	-62.66426	-1234.6	59.28	0.04919
-59.04201	-62.66398	-1232.4	59.33	0.04919
-59.04125	-62.66371	-1230.9	59.38	0.04919
-59.04049	-62.66344	-1230.4	59.43	0.04919
-59.03973	-62.66317	-1229.5	59.47	0.04919
-59.03897	-62.66289	-1228.6	59.52	0.04919
-59.03821	-62.66262	-1227.9	59.57	0.04919
-59.03745	-62.66235	-1226.7	59.62	0.04919
-59.03669	-62.66208	-1225.2	59.67	0.04919
-59.03593	-62.66181	-1223.0	59.72	0.04919
-59.03517	-62.66153	-1219.6	59.77	0.04919
-59.03441	-62.66126	-1218.0	59.82	0.04919
-59.03365	-62.66099	-1216.9	59.87	0.04919
-59.03290	-62.66072	-1215.0	59.92	0.04919
-59.03214	-62.66045	-1214.5	59.97	0.04919
-59.03138	-62.66017	-1216.6	60.02	0.04919
-59.03062	-62.65990	-1219.6	60.07	0.04919
-59.02986	-62.65963	-1222.9	60.11	0.04919
-59.02910	-62.65936	-1225.3	60.16	0.04919
-59.02834	-62.65908	-1225.6	60.21	0.04919
-59.02758	-62.65881	-1222.3	60.26	0.04919
-59.02682	-62.65854	-1217.8	60.31	0.04919
-59.02606	-62.65827	-1213.3	60.36	0.04919
-59.02530	-62.65800	-1209.2	60.41	0.04919
-59.02454	-62.65772	-1207.8	60.46	0.04919
-59.02378	-62.65745	-1207.2	60.51	0.04919
-59.02302	-62.65718	-1207.5	60.56	0.04919
-59.02226	-62.65691	-1208.2	60.61	0.04919
-59.02150	-62.65664	-1208.5	60.66	0.04919
-59.02074	-62.65636	-1210.0	60.70	0.04919
-59.01999	-62.65609	-1211.9	60.75	0.04919
-59.01923	-62.65582	-1213.8	60.80	0.04919
-59.01847	-62.65555	-1215.9	60.85	0.04919
-59.01771	-62.65527	-1219.8	60.90	0.04919
-59.01695	-62.65500	-1223.8	60.95	0.04919
-59.01619	-62.65473	-1226.9	61.00	0.04919
-59.01543	-62.65446	-1227.0	61.05	0.04919
-59.01467	-62.65419	-1223.1	61.10	0.04919
-59.01391	-62.65391	-1213.7	61.15	0.04919
-59.01315	-62.65364	-1203.6	61.20	0.04919
-59.01239	-62.65337	-1192.3	61.25	0.04919
-59.01163	-62.65310	-1186.7	61.30	0.04919
-59.01087	-62.65282	-1186.9	61.34	0.04919
-59.01012	-62.65255	-1187.0	61.39	0.04919
-59.00936	-62.65228	-1184.7	61.44	0.04919
-59.00860	-62.65201	-1181.4	61.49	0.04919
-59.00784	-62.65173	-1175.2	61.54	0.04919
-59.00708	-62.65146	-1165.5	61.59	0.04919
-59.00632	-62.65119	-1156.1	61.64	0.04919
-59.00556	-62.65092	-1149.0	61.69	0.04919
-59.00480	-62.65065	-1142.9	61.74	0.04919
-59.00404	-62.65037	-1137.6	61.79	0.04919
-59.00328	-62.65010	-1133.3	61.84	0.04919
-59.00253	-62.64983	-1130.2	61.89	0.04919
-59.00177	-62.64956	-1126.0	61.93	0.04919
-59.00101	-62.64928	-1122.0	61.98	0.04919
-59.00025	-62.64901	-1119.0	62.03	0.04919
-58.99949	-62.64874	-1117.5	62.08	0.04919
-58.99873	-62.64847	-1117.8	62.13	0.04919
-58.99797	-62.64819	-1118.7	62.18	0.04919
-58.99721	-62.64792	-1120.9	62.23	0.04919
-58.99645	-62.64765	-1123.0	62.28	0.04919
-58.99570	-62.64738	-1124.1	62.33	0.04919
-58.99494	-62.64711	-1127.1	62.38	0.04919
-58.99418	-62.64683	-1131.5	62.43	0.04919
-58.99342	-62.64656	-1137.0	62.48	0.04919
-58.99266	-62.64629	-1141.3	62.52	0.04919
-58.99190	-62.64602	-1143.5	62.57	0.04919
-58.99114	-62.64574	-1142.9	62.62	0.04919
-58.99038	-62.64547	-1140.4	62.67	0.04919
-58.98962	-62.64520	-1136.2	62.72	0.04919
-58.98887	-62.64493	-1130.3	62.77	0.04919
-58.98811	-62.64465	-1121.5	62.82	0.04919
-58.98735	-62.64438	-1112.9	62.87	0.04919
-58.98659	-62.64411	-1104.4	62.92	0.04919
-58.98583	-62.64384	-1097.2	62.97	0.04919
-58.98507	-62.64356	-1089.1	63.02	0.04919
-58.98431	-62.64329	-1082.2	63.07	0.04919
-58.98356	-62.64302	-1078.6	63.12	0.04919
-58.98280	-62.64275	-1076.4	63.16	0.04919
-58.98168	-62.64252	-1085.9	63.23	0.06229
-58.98057	-62.64229	-1097.8	63.29	0.06229
-58.97946	-62.64206	-1112.9	63.35	0.06229
-58.97835	-62.64183	-1128.7	63.41	0.06229
-58.97724	-62.64160	-1144.0	63.48	0.06229
-58.97613	-62.64137	-1158.2	63.54	0.06229
-58.97501	-62.64114	-1170.0	63.60	0.06229
-58.97390	-62.64091	-1179.5	63.66	0.06229
-58.97279	-62.64068	-1185.4	63.73	0.06229
-58.97168	-62.64045	-1188.6	63.79	0.06229
-58.97057	-62.64022	-1189.2	63.85	0.06229
-58.96945	-62.63999	-1189.9	63.91	0.06229
-58.96834	-62.63976	-1192.1	63.97	0.06229
-58.96723	-62.63953	-1193.2	64.04	0.06229
-58.96612	-62.63931	-1192.5	64.10	0.06229
-58.96501	-62.63908	-1193.4	64.16	0.06229
-58.96390	-62.63885	-1195.5	64.22	0.06229
-58.96278	-62.63862	-1199.7	64.29	0.06229
-58.96167	-62.63839	-1206.5	64.35	0.06229
-58.96056	-62.63816	-1219.0	64.41	0.06229
-58.95945	-62.63793	-1231.5	64.47	0.06229
-58.95834	-62.63770	-1241.2	64.53	0.06229
-58.95723	-62.63747	-1241.9	64.60	0.06229
-58.95611	-62.63724	-1236.5	64.66	0.06229
-58.95500	-62.63701	-1228.6	64.72	0.06229
-58.95389	-62.63678	-1220.8	64.78	0.06229
-58.95278	-62.63655	-1213.8	64.85	0.06229
-58.95167	-62.63632	-1207.6	64.91	0.06229
-58.95056	-62.63609	-1202.0	64.97	0.06229
-58.94944	-62.63586	-1198.6	65.03	0.06229
-58.94833	-62.63563	-1199.1	65.10	0.06229
-58.94722	-62.63540	-1203.2	65.16	0.06229
-58.94611	-62.63517	-1209.9	65.22	0.06229
-58.94500	-62.63494	-1216.6	65.28	0.06229
-58.94389	-62.63471	-1221.7	65.34	0.06229
-58.94278	-62.63448	-1226.2	65.41	0.06229
-58.94166	-62.63425	-1229.4	65.47	0.06229
-58.94055	-62.63402	-1232.8	65.53	0.06229
-58.93944	-62.63379	-1236.6	65.59	0.06229
-58.93833	-62.63356	-1239.9	65.66	0.06229
-58.93722	-62.63333	-1240.8	65.72	0.06229
-58.93611	-62.63310	-1238.1	65.78	0.06229
-58.93500	-62.63287	-1234.8	65.84	0.06229
-58.93389	-62.63264	-1232.5	65.91	0.06229
-58.93277	-62.63241	-1228.4	65.97	0.06229
-58.93166	-62.63218	-1224.1	66.03	0.06229
-58.93055	-62.63195	-1220.1	66.09	0.06229
-58.92944	-62.63172	-1215.9	66.15	0.06229
-58.92833	-62.63149	-1219.6	66.22	0.06229
-58.92722	-62.63126	-1230.2	66.28	0.06229
-58.92611	-62.63104	-1238.8	66.34	0.06229
-58.92500	-62.63081	-1241.2	66.40	0.06229
-58.92388	-62.63058	-1239.9	66.47	0.06229
-58.92277	-62.63035	-1239.4	66.53	0.06229
-58.92166	-62.63012	-1240.2	66.59	0.06229
-58.92055	-62.62989	-1240.3	66.65	0.06229
-58.91944	-62.62966	-1238.5	66.71	0.06229
-58.91833	-62.62943	-1237.8	66.78	0.06229
-58.91722	-62.62920	-1236.9	66.84	0.06229
-58.91611	-62.62897	-1238.3	66.90	0.06229
-58.91500	-62.62874	-1239.7	66.96	0.06229
-58.91389	-62.62851	-1239.7	67.03	0.06229
-58.91277	-62.62828	-1241.6	67.09	0.06229
-58.91166	-62.62805	-1244.0	67.15	0.06229
-58.91055	-62.62782	-1249.2	67.21	0.06229
-58.90944	-62.62759	-1255.1	67.28	0.06229
-58.90833	-62.62736	-1262.5	67.34	0.06229
-58.90722	-62.62713	-1270.0	67.40	0.06229
-58.90611	-62.62690	-1281.9	67.46	0.06229
-58.90500	-62.62667	-1297.2	67.52	0.06229
-58.90389	-62.62644	-1296.3	67.59	0.06229
-58.90278	-62.62621	-1291.2	67.65	0.06229
-58.90167	-62.62598	-1283.2	67.71	0.06229
-58.90056	-62.62575	-1273.3	67.77	0.06229
-58.89944	-62.62552	-1267.6	67.84	0.06229
-58.89833	-62.62529	-1265.6	67.90	0.06229
-58.89722	-62.62506	-1266.0	67.96	0.06229
-58.89611	-62.62483	-1268.0	68.02	0.06229
-58.89500	-62.62459	-1271.9	68.09	0.06229
-58.89389	-62.62436	-1274.7	68.15	0.06229
-58.89278	-62.62413	-1275.7	68.21	0.06229
-58.89167	-62.62390	-1272.0	68.27	0.06229
-58.89056	-62.62367	-1270.8	68.33	0.06229
-58.88945	-62.62344	-1273.6	68.40	0.06229
-58.88834	-62.62321	-1275.4	68.46	0.06229
-58.88723	-62.62298	-1275.6	68.52	0.06229
-58.88612	-62.62275	-1277.4	68.58	0.06229
-58.88501	-62.62252	-1277.5	68.65	0.06229
-58.88390	-62.62229	-1275.3	68.71	0.06229
-58.88279	-62.62206	-1271.7	68.77	0.06229
-58.88168	-62.62183	-1269.0	68.83	0.06229
-58.88056	-62.62160	-1267.8	68.89	0.06229
-58.87945	-62.62137	-1268.3	68.96	0.06229
-58.87834	-62.62114	-1266.7	69.02	0.06229
-58.87723	-62.62091	-1262.1	69.08	0.06229
-58.87612	-62.62068	-1256.0	69.14	0.06229
-58.87501	-62.62045	-1252.3	69.21	0.06229
-58.87390	-62.62022	-1250.2	69.27	0.06229
-58.87279	-62.61999	-1249.1	69.33	0.06229
-58.87149	-62.61955	-1235.9	69.41	0.08264
-58.87020	-62.61911	-1225.8	69.50	0.08264
-58.86890	-62.61866	-1223.9	69.58	0.08264
-58.86760	-62.61822	-1225.9	69.66	0.08264
-58.86630	-62.61778	-1224.8	69.74	0.08264
-58.86500	-62.61733	-1223.9	69.83	0.08264
-58.86371	-62.61689	-1225.1	69.91	0.08264
-58.86241	-62.61645	-1220.7	69.99	0.08264
-58.86111	-62.61601	-1212.4	70.07	0.08264
-58.85981	-62.61556	-1211.6	70.16	0.08264
-58.85851	-62.61512	-1218.3	70.24	0.08264
-58.85722	-62.61468	-1224.9	70.32	0.08264
-58.85592	-62.61424	-1224.4	70.41	0.08264
-58.85462	-62.61379	-1216.7	70.49	0.08264
-58.85332	-62.61335	-1212.6	70.57	0.08264
-58.85202	-62.61291	-1216.6	70.65	0.08264
-58.85073	-62.61246	-1224.1	70.74	0.08264
-58.84943	-62.61202	-1231.0	70.82	0.08264
-58.84813	-62.61158	-1228.8	70.90	0.08264
-58.84683	-62.61114	-1225.9	70.98	0.08264
-58.84554	-62.61069	-1227.7	71.07	0.08264
-58.84424	-62.61025	-1231.6	71.15	0.08264
-58.84294	-62.60981	-1234.6	71.23	0.08264
-58.84164	-62.60936	-1232.9	71.31	0.08264
-58.84035	-62.60892	-1231.4	71.40	0.08264
-58.83905	-62.60848	-1230.2	71.48	0.08264
-58.83775	-62.60804	-1228.5	71.56	0.08264
-58.83646	-62.60759	-1227.3	71.64	0.08264
-58.83516	-62.60715	-1227.2	71.73	0.08264
-58.83386	-62.60671	-1228.1	71.81	0.08264
-58.83256	-62.60626	-1231.5	71.89	0.08264
-58.83127	-62.60582	-1234.5	71.98	0.08264
-58.82997	-62.60538	-1233.7	72.06	0.08264
-58.82867	-62.60493	-1230.5	72.14	0.08264
-58.82738	-62.60449	-1229.3	72.22	0.08264
-58.82608	-62.60405	-1224.8	72.31	0.08264
-58.82478	-62.60361	-1208.4	72.39	0.08264
-58.82349	-62.60316	-1186.9	72.47	0.08264
-58.82219	-62.60272	-1172.0	72.55	0.08264
-58.82089	-62.60228	-1170.9	72.64	0.08264
-58.81960	-62.60183	-1177.0	72.72	0.08264
-58.81830	-62.60139	-1182.3	72.80	0.08264
-58.81700	-62.60095	-1185.2	72.88	0.08264
-58.81571	-62.60050	-1192.5	72.97	0.08264
-58.81441	-62.60006	-1209.9	73.05	0.08264
-58.81311	-62.59962	-1235.4	73.13	0.08264
-58.81182	-62.59917	-1263.9	73.21	0.08264
-58.81052	-62.59873	-1283.6	73.30	0.08264
-58.80922	-62.59829	-1292.8	73.38	0.08264
-58.80793	-62.59785	-1294.9	73.46	0.08264
-58.80663	-62.59740	-1293.2	73.55	0.08264
-58.80533	-62.59696	-1291.7	73.63	0.08264
-58.80404	-62.59652	-1290.4	73.71	0.08264
-58.80274	-62.59607	-1287.6	73.79	0.08264
-58.80145	-62.59563	-1284.6	73.88	0.08264
-58.80015	-62.59519	-1284.0	73.96	0.08264
-58.79885	-62.59474	-1285.7	74.04	0.08264
-58.79756	-62.59430	-1290.8	74.12	0.08264
-58.79626	-62.59386	-1298.7	74.21	0.08264
-58.79497	-62.59341	-1307.0	74.29	0.08264
-58.79367	-62.59297	-1316.2	74.37	0.08264
-58.79237	-62.59253	-1321.0	74.45	0.08264
-58.79108	-62.59208	-1324.2	74.54	0.08264
-58.78978	-62.59164	-1327.1	74.62	0.08264
-58.78849	-62.59120	-1329.5	74.70	0.08264
-58.78719	-62.59075	-1329.9	74.79	0.08264
-58.78589	-62.59031	-1328.5	74.87	0.08264
-58.78460	-62.58987	-1331.0	74.95	0.08264
-58.78330	-62.58942	-1337.1	75.03	0.08264
-58.78201	-62.58898	-1342.5	75.12	0.08264
-58.78071	-62.58854	-1345.4	75.20	0.08264
-58.77942	-62.58809	-1348.3	75.28	0.08264
-58.77812	-62.58765	-1353.4	75.36	0.08264
-58.77683	-62.58720	-1366.9	75.45	0.08264
-58.77553	-62.58676	-1387.1	75.53	0.08264
-58.77424	-62.58632	-1401.9	75.61	0.08264
-58.77294	-62.58587	-1410.7	75.69	0.08264
-58.77164	-62.58543	-1414.7	75.78	0.08264
-58.77035	-62.58499	-1416.1	75.86	0.08264
-58.76905	-62.58454	-1418.4	75.94	0.08264
-58.76776	-62.58410	-1426.3	76.02	0.08264
-58.76646	-62.58366	-1432.6	76.11	0.08264
-58.76517	-62.58321	-1431.4	76.19	0.08264
-58.76387	-62.58277	-1429.3	76.27	0.08264
-58.76258	-62.58233	-1427.3	76.36	0.08264
-58.76128	-62.58188	-1423.8	76.44	0.08264
-58.75999	-62.58144	-1426.0	76.52	0.08264
-58.75869	-62.58099	-1434.6	76.60	0.08264
-58.75740	-62.58055	-1444.4	76.69	0.08264
-58.75610	-62.58011	-1450.2	76.77	0.08264
-58.75481	-62.57966	-1458.4	76.85	0.08264
-58.75352	-62.57922	-1465.8	76.93	0.08264
-58.75222	-62.57878	-1470.5	77.02	0.08264
-58.75093	-62.57833	-1481.9	77.10	0.08264
-58.74963	-62.57789	-1494.2	77.18	0.08264
-58.74834	-62.57744	-1487.6	77.26	0.08264
-58.74704	-62.57700	-1456.8	77.35	0.08264
-58.74575	-62.57656	-1427.8	77.43	0.08264
-58.74445	-62.57611	-1415.4	77.51	0.08264
-58.74353	-62.57571	-1415.4	77.58	0.06513
-58.74260	-62.57531	-1421.0	77.64	0.06513
-58.74167	-62.57491	-1429.2	77.71	0.06513
-58.74074	-62.57451	-1453.5	77.77	0.06513
-58.73982	-62.57411	-1476.4	77.84	0.06513
-58.73889	-62.57371	-1494.6	77.90	0.06513
-58.73796	-62.57331	-1505.3	77.97	0.06513
-58.73704	-62.57291	-1509.7	78.03	0.06513
-58.73611	-62.57251	-1516.8	78.10	0.06513
-58.73518	-62.57210	-1534.4	78.16	0.06513
-58.73426	-62.57170	-1558.7	78.23	0.06513
-58.73333	-62.57130	-1587.8	78.29	0.06513
-58.73240	-62.57090	-1609.3	78.36	0.06513
-58.73147	-62.57050	-1619.9	78.42	0.06513
-58.73055	-62.57010	-1622.9	78.49	0.06513
-58.72962	-62.56970	-1622.8	78.55	0.06513
-58.72869	-62.56930	-1625.1	78.62	0.06513
-58.72777	-62.56890	-1625.6	78.68	0.06513
-58.72684	-62.56850	-1624.1	78.75	0.06513
-58.72591	-62.56810	-1619.7	78.81	0.06513
-58.72499	-62.56769	-1616.1	78.88	0.06513
-58.72406	-62.56729	-1615.6	78.95	0.06513
-58.72313	-62.56689	-1617.0	79.01	0.06513
-58.72221	-62.56649	-1621.6	79.08	0.06513
-58.72128	-62.56609	-1625.2	79.14	0.06513
-58.72035	-62.56569	-1628.1	79.21	0.06513
-58.71943	-62.56529	-1629.2	79.27	0.06513
-58.71850	-62.56489	-1629.3	79.34	0.06513
-58.71757	-62.56449	-1629.9	79.40	0.06513
-58.71665	-62.56409	-1630.6	79.47	0.06513
-58.71572	-62.56368	-1632.8	79.53	0.06513
-58.71480	-62.56328	-1636.4	79.60	0.06513
-58.71387	-62.56288	-1641.4	79.66	0.06513
-58.71294	-62.56248	-1646.9	79.73	0.06513
-58.71202	-62.56208	-1650.9	79.79	0.06513
-58.71109	-62.56168	-1651.4	79.86	0.06513
-58.71016	-62.56128	-1650.9	79.92	0.06513
-58.70924	-62.56088	-1651.4	79.99	0.06513
-58.70831	-62.56048	-1651.4	80.05	0.06513
-58.70739	-62.56007	-1652.3	80.12	0.06513
-58.70646	-62.55967	-1652.6	80.18	0.06513
-58.70553	-62.55927	-1652.6	80.25	0.06513
-58.70461	-62.55887	-1652.8	80.31	0.06513
-58.70368	-62.55847	-1653.6	80.38	0.06513
-58.70275	-62.55807	-1654.1	80.44	0.06513
-58.70183	-62.55767	-1654.0	80.51	0.06513
-58.70090	-62.55727	-1654.1	80.57	0.06513
-58.69998	-62.55687	-1655.0	80.64	0.06513
-58.69905	-62.55646	-1655.0	80.70	0.06513
-58.69812	-62.55606	-1655.4	80.77	0.06513
-58.69720	-62.55566	-1656.1	80.83	0.06513
-58.69627	-62.55526	-1656.0	80.90	0.06513
-58.69535	-62.55486	-1656.0	80.96	0.06513
-58.69442	-62.55446	-1655.0	81.03	0.06513
-58.69349	-62.55406	-1656.0	81.09	0.06513
-58.69257	-62.55366	-1656.0	81.16	0.06513
-58.69164	-62.55326	-1656.0	81.22	0.06513
-58.69072	-62.55285	-1655.5	81.29	0.06513
-58.68979	-62.55245	-1654.9	81.35	0.06513
-58.68887	-62.55205	-1655.0	81.42	0.06513
-58.68794	-62.55165	-1655.0	81.49	0.06513
-58.68701	-62.55125	-1654.2	81.55	0.06513
-58.68609	-62.55085	-1653.9	81.62	0.06513
-58.68516	-62.55045	-1654.8	81.68	0.06513
-58.68424	-62.55005	-1655.1	81.75	0.06513
-58.68331	-62.54964	-1655.7	81.81	0.06513
-58.68239	-62.54924	-1653.9	81.88	0.06513
-58.68146	-62.54884	-1651.5	81.94	0.06513
-58.68054	-62.54844	-1648.1	82.01	0.06513
-58.67961	-62.54804	-1645.8	82.07	0.06513
-58.67868	-62.54764	-1644.4	82.14	0.06513
-58.67776	-62.54724	-1644.0	82.20	0.06513
-58.67683	-62.54684	-1645.7	82.27	0.06513
-58.67591	-62.54643	-1647.4	82.33	0.06513
-58.67498	-62.54603	-1649.0	82.40	0.06513
-58.67406	-62.54563	-1650.6	82.46	0.06513
-58.67313	-62.54523	-1652.0	82.53	0.06513
-58.67221	-62.54483	-1650.8	82.59	0.06513
-58.67128	-62.54443	-1649.3	82.66	0.06513
-58.67036	-62.54403	-1648.8	82.72	0.06513
-58.66943	-62.54362	-1648.9	82.79	0.06513
-58.66851	-62.54322	-1649.1	82.85	0.06513
-58.66758	-62.54282	-1648.6	82.92	0.06513
-58.66666	-62.54242	-1647.1	82.98	0.06513
-58.66573	-62.54202	-1645.3	83.05	0.06513
-58.66481	-62.54162	-1645.1	83.11	0.06513
-58.66388	-62.54122	-1646.0	83.18	0.06513
-58.66296	-62.54082	-1646.2	83.24	0.06513
-58.66203	-62.54041	-1645.3	83.31	0.06513
-58.66111	-62.54001	-1645.1	83.37	0.06513
-58.66018	-62.53961	-1644.9	83.44	0.06513
-58.65926	-62.53921	-1645.0	83.50	0.06513
-58.65833	-62.53881	-1645.1	83.57	0.06513
-58.65741	-62.53841	-1646.6	83.63	0.06513
-58.65648	-62.53801	-1647.4	83.70	0.06513
-58.65556	-62.53760	-1648.7	83.76	0.06513
-58.65463	-62.53720	-1648.4	83.83	0.06513
-58.65371	-62.53680	-1647.5	83.89	0.06513
-58.65278	-62.53640	-1646.4	83.96	0.06513
-58.65149	-62.53579	-1646.4	84.05	0.09455
-58.65021	-62.53518	-1646.6	84.15	0.09455
-58.64892	-62.53457	-1646.9	84.24	0.09455
-58.64763	-62.53397	-1646.6	84.34	0.09455
-58.64634	-62.53336	-1646.9	84.43	0.09455
-58.64506	-62.53275	-1646.3	84.53	0.09455
-58.64377	-62.53214	-1646.2	84.62	0.09455
-58.64248	-62.53153	-1645.2	84.72	0.09455
-58.64119	-62.53092	-1645.5	84.81	0.09455
-58.63991	-62.53031	-1646.8	84.91	0.09455
-58.63862	-62.52971	-1646.9	85.00	0.09455
-58.63733	-62.52910	-1647.0	85.09	0.09455
-58.63604	-62.52849	-1646.8	85.19	0.09455
-58.63476	-62.52788	-1644.9	85.28	0.09455
-58.63347	-62.52727	-1645.6	85.38	0.09455
-58.63218	-62.52666	-1646.1	85.47	0.09455
-58.63090	-62.52605	-1645.1	85.57	0.09455
-58.62961	-62.52544	-1644.9	85.66	0.09455
-58.62832	-62.52484	-1643.9	85.76	0.09455
-58.62703	-62.52423	-1644.0	85.85	0.09455
-58.62575	-62.52362	-1643.5	85.95	0.09455
-58.62446	-62.52301	-1642.2	86.04	0.09455
-58.62317	-62.52240	-1642.1	86.13	0.09455
-58.62189	-62.52179	-1642.2	86.23	0.09455
-58.62060	-62.52118	-1643.5	86.32	0.09455
-58.61931	-62.52057	-1644.7	86.42	0.09455
-58.61803	-62.51997	-1646.7	86.51	0.09455
-58.61674	-62.51936	-1646.2	86.61	0.09455
-58.61546	-62.51875	-1645.8	86.70	0.09455
-58.61417	-62.51814	-1644.0	86.80	0.09455
-58.61288	-62.51753	-1641.8	86.89	0.09455
-58.61160	-62.51692	-1641.4	86.99	0.09455
-58.61031	-62.51631	-1642.7	87.08	0.09455
-58.60902	-62.51570	-1643.1	87.17	0.09455
-58.60774	-62.51509	-1642.0	87.27	0.09455
-58.60645	-62.51449	-1639.6	87.36	0.09455
-58.60517	-62.51388	-1636.1	87.46	0.09455
-58.60388	-62.51327	-1634.6	87.55	0.09455
-58.60259	-62.51266	-1633.4	87.65	0.09455
-58.60131	-62.51205	-1631.1	87.74	0.09455
-58.60002	-62.51144	-1628.3	87.84	0.09455
-58.59874	-62.51083	-1625.9	87.93	0.09455
-58.59745	-62.51022	-1623.8	88.03	0.09455
-58.59617	-62.50961	-1623.6	88.12	0.09455
-58.59488	-62.50900	-1621.7	88.21	0.09455
-58.59359	-62.50840	-1621.1	88.31	0.09455
-58.59231	-62.50779	-1621.1	88.40	0.09455
-58.59102	-62.50718	-1621.0	88.50	0.09455
-58.58974	-62.50657	-1619.9	88.59	0.09455
-58.58845	-62.50596	-1618.8	88.69	0.09455
-58.58717	-62.50535	-1614.0	88.78	0.09455
-58.58588	-62.50474	-1610.7	88.88	0.09455
-58.58460	-62.50413	-1613.9	88.97	0.09455
-58.58331	-62.50352	-1616.1	89.07	0.09455
-58.58203	-62.50291	-1616.9	89.16	0.09455
-58.58074	-62.50230	-1618.0	89.25	0.09455
-58.57946	-62.50170	-1618.8	89.35	0.09455
-58.57817	-62.50109	-1617.3	89.44	0.09455
-58.57689	-62.50048	-1614.9	89.54	0.09455
-58.57560	-62.49987	-1611.4	89.63	0.09455
-58.57432	-62.49926	-1602.6	89.73	0.09455
-58.57303	-62.49865	-1597.5	89.82	0.09455
-58.57175	-62.49804	-1594.2	89.92	0.09455
-58.57046	-62.49743	-1590.0	90.01	0.09455
-58.56918	-62.49682	-1586.2	90.11	0.09455
-58.56789	-62.49621	-1585.5	90.20	0.09455
-58.56661	-62.49560	-1583.8	90.30	0.09455
-58.56533	-62.49499	-1577.8	90.39	0.09455
-58.56404	-62.49438	-1569.5	90.48	0.09455
-58.56276	-62.49377	-1559.4	90.58	0.09455
-58.56147	-62.49317	-1548.6	90.67	0.09455
-58.56019	-62.49256	-1538.1	90.77	0.09455
-58.55890	-62.49195	-1533.5	90.86	0.09455
-58.55762	-62.49134	-1535.5	90.96	0.09455
-58.55634	-62.49073	-1536.4	91.05	0.09455
-58.55505	-62.49012	-1540.9	91.15	0.09455
-58.55377	-62.48951	-1544.2	91.24	0.09455
-58.55249	-62.48890	-1536.9	91.34	0.09455
-58.55120	-62.48829	-1524.1	91.43	0.09455
-58.54992	-62.48768	-1486.5	91.52	0.09455
-58.54863	-62.48707	-1467.1	91.62	0.09455
-58.54735	-62.48646	-1464.8	91.71	0.09455
-58.54607	-62.48585	-1447.5	91.81	0.09455
-58.54478	-62.48524	-1440.9	91.90	0.09455
-58.54350	-62.48463	-1448.9	92.00	0.09455
-58.54222	-62.48402	-1452.4	92.09	0.09455
-58.54093	-62.48341	-1467.7	92.19	0.09455
-58.53965	-62.48280	-1473.4	92.28	0.09455
-58.53837	-62.48220	-1466.8	92.38	0.09455
-58.53708	-62.48159	-1455.5	92.47	0.09455
-58.53580	-62.48098	-1443.8	92.56	0.09455
-58.53452	-62.48037	-1438.1	92.66	0.09455
-58.53323	-62.47976	-1434.8	92.75	0.09455
-58.53195	-62.47915	-1436.6	92.85	0.09455
-58.53067	-62.47854	-1435.8	92.94	0.09455
-58.52938	-62.47793	-1435.1	93.04	0.09455
-58.52810	-62.47732	-1437.2	93.13	0.09455
-58.52682	-62.47671	-1439.0	93.23	0.09455
-58.52554	-62.47610	-1433.7	93.32	0.09455
-58.52425	-62.47549	-1427.3	93.42	0.09455
-58.52297	-62.47488	-1424.5	93.51	0.09455
-58.52169	-62.47427	-1413.0	93.60	0.09455
-58.52041	-62.47366	-1402.4	93.70	0.09455
-58.51912	-62.47305	-1406.5	93.79	0.09455
-58.51784	-62.47244	-1400.7	93.89	0.09455
-58.51656	-62.47183	-1370.5	93.98	0.09455
-58.51528	-62.47122	-1334.9	94.08	0.09455
-58.51391	-62.47065	-1298.3	94.17	0.09448
-58.51255	-62.47008	-1275.3	94.27	0.09448
-58.51118	-62.46952	-1280.3	94.36	0.09448
-58.50981	-62.46895	-1306.9	94.46	0.09448
-58.50845	-62.46838	-1321.4	94.55	0.09448
-58.50708	-62.46781	-1329.2	94.64	0.09448
-58.50572	-62.46724	-1332.7	94.74	0.09448
-58.50435	-62.46667	-1332.7	94.83	0.09448
-58.50299	-62.46610	-1322.3	94.93	0.09448
-58.50162	-62.46553	-1317.8	95.02	0.09448
-58.50026	-62.46496	-1310.0	95.12	0.09448
-58.49889	-62.46439	-1271.6	95.21	0.09448
-58.49753	-62.46383	-1233.6	95.31	0.09448
-58.49616	-62.46326	-1217.9	95.40	0.09448
-58.49480	-62.46269	-1202.3	95.49	0.09448
-58.49343	-62.46212	-1191.6	95.59	0.09448
-58.49207	-62.46155	-1194.2	95.68	0.09448
-58.49070	-62.46098	-1189.2	95.78	0.09448
-58.48934	-62.46041	-1172.5	95.87	0.09448
-58.48797	-62.45984	-1158.2	95.97	0.09448
-58.48661	-62.45927	-1141.7	96.06	0.09448
-58.48525	-62.45870	-1124.8	96.16	0.09448
-58.48388	-62.45814	-1110.1	96.25	0.09448
-58.48252	-62.45757	-1099.7	96.34	0.09448
-58.48115	-62.45700	-1085.6	96.44	0.09448
-58.47979	-62.45643	-1073.8	96.53	0.09448
-58.47842	-62.45586	-1063.4	96.63	0.09448
-58.47706	-62.45529	-1048.6	96.72	0.09448
-58.47570	-62.45472	-1035.2	96.82	0.09448
-58.47433	-62.45415	-1021.5	96.91	0.09448
-58.47297	-62.45358	-1013.7	97.01	0.09448
-58.47160	-62.45301	-1008.6	97.10	0.09448
-58.47024	-62.45244	-1003.0	97.19	0.09448
-58.46888	-62.45187	-1001.0	97.29	0.09448
-58.46751	-62.45131	-1000.9	97.38	0.09448
-58.46615	-62.45074	-1003.5	97.48	0.09448
-58.46478	-62.45017	-1006.0	97.57	0.09448
-58.46342	-62.44960	-998.7	97.67	0.09448
-58.46206	-62.44903	-989.2	97.76	0.09448
-58.46069	-62.44846	-989.3	97.86	0.09448
-58.45933	-62.44789	-993.9	97.95	0.09448
-58.45797	-62.44732	-1003.8	98.05	0.09448
-58.45660	-62.44675	-1022.7	98.14	0.09448
-58.45524	-62.44618	-1037.1	98.23	0.09448
-58.45388	-62.44561	-1041.3	98.33	0.09448
-58.45251	-62.44504	-1037.9	98.42	0.09448
-58.45115	-62.44447	-1027.6	98.52	0.09448
-58.44979	-62.44390	-1015.3	98.61	0.09448
-58.44842	-62.44333	-1007.5	98.71	0.09448
-58.44706	-62.44277	-1002.3	98.80	0.09448
-58.44570	-62.44220	-992.9	98.90	0.09448
-58.44434	-62.44163	-974.6	98.99	0.09448
-58.44297	-62.44106	-940.8	99.08	0.09448
-58.44161	-62.44049	-908.9	99.18	0.09448
-58.44025	-62.43992	-879.4	99.27	0.09448
-58.43888	-62.43935	-841.5	99.37	0.09448
-58.43752	-62.43878	-803.6	99.46	0.09448
-58.43616	-62.43821	-755.5	99.56	0.09448
-58.43480	-62.43764	-699.6	99.65	0.09448
-58.43343	-62.43707	-670.9	99.75	0.09448
-58.43207	-62.43650	-692.2	99.84	0.09448
-58.43071	-62.43593	-724.5	99.93	0.09448
-58.42935	-62.43536	-751.7	100.03	0.09448
-58.42798	-62.43479	-792.7	100.12	0.09448
-58.42662	-62.43422	-841.9	100.22	0.09448
-58.42526	-62.43365	-897.2	100.31	0.09448
-58.42390	-62.43308	-952.6	100.41	0.09448
-58.42254	-62.43251	-992.5	100.50	0.09448
-58.42117	-62.43194	-1021.2	100.60	0.09448
-58.41981	-62.43137	-1046.5	100.69	0.09448
-58.41845	-62.43080	-1059.8	100.79	0.09448
-58.41709	-62.43023	-1066.4	100.88	0.09448
-58.41573	-62.42966	-1075.4	100.97	0.09448
-58.41436	-62.42909	-1079.9	101.07	0.09448
-58.41300	-62.42852	-1081.8	101.16	0.09448
-58.41164	-62.42795	-1082.4	101.26	0.09448
-58.41028	-62.42738	-1084.0	101.35	0.09448
-58.40892	-62.42682	-1086.5	101.45	0.09448
-58.40756	-62.42625	-1088.2	101.54	0.09448
-58.40619	-62.42568	-1095.6	101.64	0.09448
-58.40483	-62.42511	-1098.0	101.73	0.09448
-58.40347	-62.42454	-1095.0	101.82	0.09448
-58.40211	-62.42397	-1100.2	101.92	0.09448
-58.40075	-62.42340	-1102.3	102.01	0.09448
-58.39939	-62.42283	-1129.1	102.11	0.09448
-58.39803	-62.42226	-1170.9	102.20	0.09448
-58.39667	-62.42169	-1162.9	102.30	0.09448
-58.39530	-62.42112	-1082.6	102.39	0.09448
-58.39394	-62.42055	-1003.4	102.49	0.09448
-58.39258	-62.41998	-954.2	102.58	0.09448
-58.39122	-62.41941	-910.7	102.67	0.09448
-58.38986	-62.41884	-888.6	102.77	0.09448
-58.38850	-62.41827	-887.8	102.86	0.09448
-58.38714	-62.41770	-890.1	102.96	0.09448
-58.38578	-62.41713	-888.6	103.05	0.09448
-58.38442	-62.41656	-889.9	103.15	0.09448
-58.38306	-62.41599	-894.6	103.24	0.09448
-58.38170	-62.41542	-892.3	103.34	0.09448
-58.38034	-62.41485	-887.9	103.43	0.09448
-58.37898	-62.41428	-887.2	103.52	0.09448
-58.37762	-62.41371	-885.9	103.62	0.09448
-58.37626	-62.41314	-891.2	103.71	0.09448
-58.37490	-62.41257	-915.3	103.81	0.09448
-58.37354	-62.41200	-952.4	103.90	0.09448
-58.37217	-62.41142	-975.6	104.00	0.09448
-58.37081	-62.41085	-993.4	104.09	0.09448
-58.36945	-62.41028	-1019.4	104.19	0.09448
-58.36809	-62.40971	-1051.6	104.28	0.09448
-58.36673	-62.40914	-1077.2	104.38	0.09448
-58.36537	-62.40857	-1093.7	104.47	0.09448
-58.36401	-62.40800	-1113.2	104.56	0.09448
-58.36266	-62.40743	-1139.3	104.66	0.09448
-58.36130	-62.40686	-1167.5	104.75	0.09448
-58.35994	-62.40629	-1195.2	104.85	0.09448
-58.35858	-62.40572	-1224.1	104.94	0.09448
-58.35722	-62.40515	-1249.3	105.04	0.09448
-58.35586	-62.40458	-1263.7	105.13	0.09448
-58.35450	-62.40401	-1270.5	105.23	0.09448
-58.35314	-62.40344	-1280.3	105.32	0.09448
-58.35178	-62.40287	-1290.6	105.41	0.09448
-58.35042	-62.40230	-1300.3	105.51	0.09448
-58.34906	-62.40173	-1308.5	105.60	0.09448
-58.34770	-62.40116	-1320.0	105.70	0.09448
-58.34634	-62.40059	-1329.4	105.79	0.09448
-58.34498	-62.40002	-1330.8	105.89	0.09448
-58.34362	-62.39945	-1318.1	105.98	0.09448
-58.34226	-62.39888	-1306.8	106.08	0.09448
-58.34091	-62.39831	-1308.4	106.17	0.09448
-58.33955	-62.39774	-1333.1	106.26	0.09448
-58.33819	-62.39717	-1361.7	106.36	0.09448
-58.33683	-62.39660	-1379.9	106.45	0.09448
-58.33547	-62.39602	-1399.9	106.55	0.09448
-58.33411	-62.39545	-1433.0	106.64	0.09448
-58.33275	-62.39488	-1461.1	106.74	0.09448
-58.33139	-62.39431	-1477.2	106.83	0.09448
-58.33004	-62.39374	-1481.5	106.93	0.09448
-58.32868	-62.39317	-1478.3	107.02	0.09448
-58.32732	-62.39260	-1474.4	107.11	0.09448
-58.32596	-62.39203	-1478.6	107.21	0.09448
-58.32460	-62.39146	-1488.4	107.30	0.09448
