-58.518988 -62.553736
-58.694640 -62.446103
>
-58.511218 -62.551032
-58.686870 -62.443400
>
-58.503448 -62.548329
-58.679100 -62.440696
>
-58.495678 -62.545625
-58.671330 -62.437993
>
-58.487908 -62.542922
-58.663560 -62.435289
>
-58.480138 -62.540218
-58.655790 -62.432585
>
-58.472368 -62.537515
-58.648020 -62.429882
>
-58.464598 -62.534811
-58.640250 -62.427178
>
-58.456828 -62.532107
-58.632480 -62.424475
>
-58.449058 -62.529404
-58.624710 -62.421771
>
-58.441288 -62.526700
-58.616941 -62.419068
>
-58.433518 -62.523997
-58.609171 -62.416364
>
-58.425748 -62.521293
-58.601401 -62.413660
>
-58.417979 -62.518590
-58.593631 -62.410957
>
-58.410209 -62.515886
-58.585861 -62.408253
>
-58.402439 -62.513182
-58.578091 -62.405550
>
-58.394669 -62.510479
-58.570321 -62.402846
>
-58.386899 -62.507775
-58.562551 -62.400143
>
-58.379129 -62.505072
-58.554781 -62.397439
>
-58.371359 -62.502368
-58.547011 -62.394735
>
-58.363589 -62.499665
-58.539241 -62.392032
>
-58.355819 -62.496961
-58.531471 -62.389328
>
-58.348049 -62.494257
-58.523701 -62.386625
>
-58.340279 -62.491554
-58.515931 -62.383921
>
-58.332509 -62.488850
-58.508161 -62.381218
>
-58.324739 -62.486147
-58.500391 -62.378514
>
-58.316969 -62.483443
-58.492621 -62.375810
>
-58.309199 -62.480740
-58.484852 -62.373107
>
-58.301429 -62.478036
-58.477082 -62.370403
>
-58.293659 -62.475332
-58.469312 -62.367700
>
-58.285890 -62.472629
-58.461542 -62.364996
>
-58.278120 -62.469925
-58.453772 -62.362293
>
-58.270350 -62.467222
-58.446002 -62.359589
>
-58.262580 -62.464518
-58.438232 -62.356885
>
-58.254810 -62.461815
-58.430462 -62.354182
>
-58.247040 -62.459111
-58.422692 -62.351478
>
-58.239270 -62.456407
-58.414922 -62.348775
>
-58.231500 -62.453704
-58.407152 -62.346071
>
-58.223730 -62.451000
-58.399382 -62.343368
>
-58.215960 -62.448297
-58.391612 -62.340664
