-58.533101	-62.550274
-58.202521	-62.439371

>

#-58.538787	-62.546627	-58.208222	-62.435742

>

-58.544538	-62.543005
-58.213958	-62.432102

>

#-58.550157	-62.539348	-58.21963	-62.428488

>

-58.555975	-62.535736
-58.225395	-62.424833

>

#-58.561694	-62.532102	-58.231114	-62.421199

>

-58.567412	-62.528467
-58.236832	-62.417564

>

#-58.573131	-62.524833	-58.242551	-62.41393

>

-58.578849	-62.521198
-58.24827	-62.410295

>

-58.584568	-62.517564
-58.253988	-62.406661

>

-58.590286	-62.51393
-58.259707	-62.403027

>

-58.596005	-62.510295
-58.265425	-62.399392

>

-58.601724	-62.506661
-58.271144	-62.395758

>

-58.607442	-62.503026
-58.276863	-62.392124

>

-58.613161	-62.499392
-58.282581	-62.388489

>

-58.618879	-62.495758
-58.2883	-62.384855

>

-58.624598	-62.492123
-58.294018	-62.38122

>

-58.630317	-62.488489
-58.299737	-62.377586

>

-58.636035	-62.484854
-58.305455	-62.373952

>

-58.641754	-62.48122
-58.311174	-62.370317

>

-58.647472	-62.477586
-58.316893	-62.366683

>

#-58.653191	-62.473951	-58.322611	-62.363048

>

-58.658909	-62.470317
-58.32833	-62.359414

>

#-58.664628	-62.466682	-58.334048	-62.35578

>

-58.670347	-62.463048
-58.339767	-62.352145

>

#-58.674857	-62.459212	-58.344758	-62.348645

>

-58.681784	-62.455779
-58.351204	-62.344876

>

#-58.68616	-62.45192	-58.3561012	-62.3413817

>

-58.693221	-62.44851
-58.362641	-62.337608

>

-58.352987	-62.339922
-58.285409	-62.356121

>

-58.285409	-62.356121
-58.216786	-62.399733

>

-58.216786	-62.399733
-58.195389	-62.459189

>

-58.163905	-62.448627
-58.185302	-62.389171

>

-58.185302	-62.389171
-58.253925	-62.345558

>

-58.253925	-62.345558
-58.369774	-62.317789

>

-58.377645	-62.320429
-58.309022	-62.364042
