-59.897075 -62.915293
-59.745953 -62.864595
>
-59.908512 -62.908024
-59.757390 -62.857326
>
-59.919950 -62.900756
-59.768827 -62.850057
>
-59.931387 -62.893487
-59.780265 -62.842788
>
-59.942824 -62.886218
-59.791702 -62.835520
>
-59.954261 -62.878949
-59.803139 -62.828251
>
-59.965698 -62.871680
-59.814576 -62.820982
>
-59.977135 -62.864412
-59.826013 -62.813713
>
-59.988573 -62.857143
-59.837450 -62.806444
>
-60.000010 -62.849874
-59.848888 -62.799176
>
-60.011447 -62.842605
-59.860325 -62.791907
